1 0.259375 0.14687500000000003 0.18125 0.146875 0.18125000000000002 0.26875 0.259375 0.26875
1 0.2625 0.043750000000000025 0.21875 0.043750000000000025 0.21875 0.09062500000000002 0.2625 0.09062500000000002
1 0.5921875 6.582476545417023e-17 0.4828125 5.912747827133314e-17 0.4828125 0.05156250000000007 0.5921875 0.05156250000000007
1 0.934375 0.00468750000000011 0.871875 0.0046875000000001065 0.871875 0.15468750000000012 0.934375 0.15468750000000014
1 0.8171875 9.567553118338697e-17 0.7453125 9.127445674895118e-17 0.7453125 0.025000000000000095 0.8171875 0.0250000000000001
1 0.8 0.13437500000000008 0.7140625 0.13437500000000008 0.7140625 0.2671875000000001 0.8 0.2671875000000001
1 0.9109375 0.22656250000000008 0.75625 0.22656250000000008 0.75625 0.4359375000000002 0.9109375 0.4359375000000002
1 0.76875 0.3234375000000001 0.6765625 0.3234375000000001 0.6765625 0.4484375000000001 0.76875 0.44843750000000016
1 0.7078125 0.10781250000000009 0.609375 0.10781250000000009 0.609375 0.2609375000000001 0.7078125 0.2609375000000001
1 0.565625 0.18437500000000007 0.471875 0.18437500000000004 0.471875 0.30156250000000007 0.565625 0.30156250000000007
1 0.4375 0.18750000000000006 0.35625 0.18750000000000006 0.35625 0.34687500000000004 0.4375 0.3468750000000001
1 0.615625 0.36406250000000007 0.5296875 0.36406250000000007 0.5296875 0.4796875 0.615625 0.4796875
1 0.7703125000000001 0.7156250000000001 0.565625 0.715625 0.565625 1 0.7703125000000002 1
1 0.51875 0.671875 0.4015625 0.671875 0.4015625000000001 0.9 0.5187500000000002 0.9
1 0.3656250000000001 0.559375 0.2375000000000001 0.559375 0.2375000000000001 0.8359375 0.3656250000000001 0.8359375
1 0.2250000000000001 0.6265625 0.12500000000000008 0.6265625 0.12500000000000008 0.86875 0.2250000000000001 0.86875