1 0.6125 0.17968750000000006 0.45625 0.17968750000000006 0.45625 0.2765625000000001 0.6125 0.2765625000000001
1 0.4578125 0.07500000000000005 0.30625 0.07500000000000004 0.30625 0.19218750000000004 0.4578125 0.19218750000000004
1 0.4875 5.1569111307845585e-17 0.3546875 4.343669115725768e-17 0.3546875 0.053125000000000054 0.4875 0.05312500000000007
1 0.6609375 0.012500000000000075 0.534375 0.012500000000000067 0.534375 0.10781250000000006 0.6609375 0.10781250000000009
1 0.2734375 0.004687500000000026 0.1515625 0.004687500000000018 0.1515625 0.043750000000000025 0.2734375 0.04375000000000003
1 0.25625 0.07656250000000002 0.115625 0.07656250000000002 0.115625 0.16718750000000002 0.25625 0.16718750000000004
1 0.20625 0.21875 0.05625000000000002 0.21875 0.056250000000000036 0.334375 0.20625 0.334375
1 0.3890625 0.20468750000000005 0.2546875 0.2046875 0.2546875 0.31718750000000007 0.3890625 0.31718750000000007
1 0.39062500000000006 0.34062500000000007 0.24375 0.340625 0.24375000000000005 0.4359375 0.3906250000000001 0.4359375
1 0.17968750000000006 0.365625 0.028125000000000046 0.365625 0.02812500000000005 0.4484375 0.17968750000000006 0.4484375
1 0.18281250000000007 0.4859375 0.02187500000000006 0.4859375 0.021875000000000068 0.6078125 0.1828125000000001 0.6078125
1 0.3812500000000001 0.490625 0.21093750000000008 0.490625 0.21093750000000008 0.590625 0.3812500000000001 0.590625
1 0.5609375 0.446875 0.4328125 0.446875 0.4328125 0.5671875 0.5609375 0.5671875
1 0.58125 0.3062500000000001 0.4328125 0.3062500000000001 0.4328125 0.4046875 0.58125 0.4046875
1 0.8296875 0.17187500000000008 0.6703125 0.17187500000000008 0.6703125 0.2640625000000001 0.8296875 0.2640625000000001
1 0.8640625 0.0359375000000001 0.721875 0.03593750000000009 0.721875 0.1062500000000001 0.8640625 0.1062500000000001
1 0.984375 0.0718750000000001 0.9171875 0.0718750000000001 0.9171875 0.16875000000000012 0.984375 0.16875000000000012
1 1 0.1343750000000001 0.890625 0.13437500000000008 0.890625 0.23437500000000008 1 0.23437500000000008
1 0.9890625 0.2750000000000001 0.859375 0.2750000000000001 0.859375 0.4078125000000002 0.9890625 0.4078125000000002
1 1 0.40625000000000017 0.8734375 0.40625000000000017 0.8734375 0.5109375000000002 1 0.5109375000000002
1 0.79375 0.29375000000000007 0.66875 0.29375000000000007 0.66875 0.4046875000000001 0.79375 0.4046875000000002
1 0.81875 0.4203125000000001 0.659375 0.4203125 0.659375 0.5421875 0.81875 0.5421875000000002
1 0.7890625 0.5562500000000001 0.6359375 0.55625 0.6359375 0.6640625000000001 0.7890625 0.6640625000000002
1 0.9890625 0.5468750000000002 0.8328125 0.5468750000000002 0.8328125 0.6625000000000002 0.9890625 0.6625000000000002
1 1 0.6421875000000001 0.884375 0.6421875000000001 0.884375 0.7468750000000002 1 0.7468750000000002
1 0.81875 0.6609375000000001 0.69375 0.6609375 0.6937500000000001 0.7437500000000001 0.81875 0.7437500000000001
1 0.6125 0.5953125 0.428125 0.5953125 0.428125 0.709375 0.6125 0.709375
1 0.6234375000000001 0.6875 0.4796875 0.6875 0.4796875000000001 0.7828125 0.6234375000000002 0.7828125
1 0.37968750000000007 0.6140625 0.2515625000000001 0.6140625 0.2515625000000001 0.71875 0.37968750000000007 0.71875
1 0.2062500000000001 0.65625 0.03437500000000008 0.65625 0.034375000000000086 0.74375 0.2062500000000001 0.74375
1 0.22812500000000008 0.73125 0.050000000000000086 0.73125 0.050000000000000086 0.8078125 0.22812500000000008 0.8078125
1 0.3890625000000001 0.7109375 0.27812500000000007 0.7109375 0.27812500000000007 0.771875 0.3890625000000001 0.771875
1 0.4125000000000002 0.80625 0.30156250000000007 0.80625 0.30156250000000007 0.909375 0.4125000000000002 0.909375
1 0.22812500000000008 0.840625 0.07031250000000011 0.840625 0.07031250000000011 0.953125 0.22812500000000008 0.953125
1 0.6375000000000002 0.8171875 0.49218750000000017 0.8171875 0.49218750000000017 0.9140625 0.6375000000000002 0.9140625
1 0.8390625 0.7593750000000001 0.7062500000000002 0.759375 0.7062500000000002 0.8546875 0.8390625 0.8546875
1 1 0.7671875000000001 0.9 0.7671875000000001 0.9 0.8640625 1 0.8640625
1 0.875 0.8640625 0.7265625000000002 0.8640625 0.7265625000000002 0.9765625 0.875 0.9765625
1 0.7046875000000001 0.95 0.5609375000000002 0.95 0.5609375000000002 1 0.7046875000000001 1
1 0.4906250000000002 0.9359375 0.3703125000000001 0.9359375 0.3703125000000001 1 0.4906250000000002 1