1 0.19531250000000006 0.43125 0.12500000000000006 0.43125 0.12500000000000006 0.5 0.19531250000000006 0.5
1 0.565625 0.03125000000000006 0.4984375 0.031250000000000056 0.4984375 0.09375000000000007 0.565625 0.09375000000000007
1 0.715625 0.3265625000000001 0.6703125 0.3265625000000001 0.6703125 0.3687500000000001 0.715625 0.3687500000000001
1 0.496875 0.3515625000000001 0.4671875 0.3515625000000001 0.4671875 0.3765625000000001 0.496875 0.3765625000000001
1 0.64375 0.44375 0.6125 0.44375 0.6125 0.46875 0.64375 0.46875
1 0.6140625 0.4765625 0.5765625 0.4765625 0.5765625 0.496875 0.6140625 0.496875
1 0.578125 0.5375 0.4890625 0.5375 0.4890625 0.5875 0.578125 0.5875
1 0.3000000000000001 0.59375 0.2484375000000001 0.59375 0.2484375000000001 0.6296875 0.3000000000000001 0.6296875
1 0.4343750000000002 0.7609375 0.3968750000000001 0.7609375 0.3968750000000001 0.790625 0.4343750000000002 0.790625
1 0.43750000000000017 0.8 0.3921875000000001 0.8 0.3921875000000001 0.8328125 0.43750000000000017 0.8328125
1 0.6359375000000002 0.765625 0.5578125000000002 0.765625 0.5578125000000002 0.828125 0.6359375000000002 0.828125
1 0.8078125 0.6312500000000001 0.7109375 0.63125 0.7109375 0.7015625000000001 0.8078125 0.7015625000000002
1 0.1953125000000001 0.884375 0.15781250000000008 0.884375 0.1578125000000001 0.93125 0.19531250000000014 0.93125