1 0.415625 0.13593750000000004 0.35 0.13593750000000004 0.35 0.22031250000000005 0.415625 0.22031250000000008
1 0.328125 0.3140625 0.2859375 0.3140625 0.2859375 0.3609375 0.328125 0.3609375
1 0.6359375 0.409375 0.603125 0.409375 0.603125 0.4421875 0.6359375 0.4421875
1 0.7609375 0.5765625000000001 0.7 0.5765625 0.7 0.6312500000000001 0.7609375 0.6312500000000002
1 0.9296875 0.2921875000000001 0.8765625 0.2921875000000001 0.8765625 0.3687500000000001 0.9296875 0.3687500000000001
1 0.6125 0.578125 0.5859375 0.578125 0.5859375 0.6078125 0.6125 0.6078125
1 0.5765625 0.5625 0.553125 0.5625 0.553125 0.6015625 0.5765625 0.6015625
1 0.4890625 0.5203125 0.4296875 0.5203125 0.4296875 0.5890625 0.4890625 0.5890625
1 0.22656250000000008 0.53125 0.2078125000000001 0.53125 0.2078125000000001 0.5578125 0.22656250000000008 0.5578125
1 0.2078125000000001 0.54375 0.17343750000000005 0.54375 0.17343750000000008 0.584375 0.2078125000000001 0.584375
1 0.30156250000000007 0.678125 0.2531250000000001 0.678125 0.2531250000000001 0.7515625 0.30156250000000007 0.7515625
1 0.49531250000000016 0.7515625 0.42968750000000017 0.7515625 0.42968750000000017 0.834375 0.49531250000000016 0.834375