1 0.3078125 0.12500000000000006 0.2203125 0.12500000000000006 0.2203125 0.2421875 0.3078125 0.2421875
1 0.39375 0.11093750000000005 0.321875 0.11093750000000005 0.321875 0.25625000000000003 0.39375 0.2562500000000001
1 0.2671875 0.2171875 0.10156250000000004 0.2171875 0.10156250000000004 0.4234375 0.2671875000000001 0.4234375
1 0.33125000000000004 0.3140625 0.2390625 0.3140625 0.23906250000000004 0.4328125 0.3312500000000001 0.4328125
1 0.4703125 0.36406250000000007 0.3984375000000001 0.36406250000000007 0.3984375000000001 0.48125 0.4703125 0.48125
1 0.5265625 0.19531250000000006 0.4765625 0.19531250000000006 0.4765625 0.2906250000000001 0.5265625 0.2906250000000001
1 0.6484375 0.18750000000000008 0.5828125 0.18750000000000008 0.5828125 0.3390625000000001 0.6484375 0.3390625000000001
1 0.815625 0.16562500000000008 0.7765625 0.16562500000000008 0.7765625 0.2890625000000001 0.815625 0.2890625000000001
1 0.4140625000000001 0.7234375 0.23593750000000008 0.7234375 0.23593750000000008 0.99375 0.41406250000000017 0.99375
1 0.5937500000000001 0.65625 0.4796875 0.65625 0.4796875000000001 0.875 0.5937500000000002 0.875
1 0.7546875000000001 0.5828125000000001 0.6453125 0.5828125 0.6453125000000001 0.8328125 0.7546875000000002 0.8328125
1 0.865625 0.6578125000000001 0.7734375 0.6578125000000001 0.7734375000000001 0.8703125 0.865625 0.8703125