1 0.459375 0.17187500000000006 0.3703125 0.17187500000000006 0.3703125 0.3375000000000001 0.459375 0.3375000000000001
1 0.5546875 0.19218750000000007 0.4953125 0.19218750000000004 0.4953125 0.2843750000000001 0.5546875 0.2843750000000001
1 0.615625 0.36406250000000007 0.5515625 0.36406250000000007 0.5515625 0.478125 0.615625 0.478125
1 0.7343750000000002 0.7421875000000001 0.5546875000000002 0.7421875 0.5546875000000002 0.99375 0.7343750000000002 0.99375
1 0.4953125000000001 0.64375 0.38750000000000007 0.64375 0.38750000000000007 0.8671875 0.49531250000000016 0.8671875
1 0.3421875000000001 0.55625 0.21875000000000008 0.55625 0.21875000000000008 0.790625 0.3421875000000001 0.790625
1 0.20312500000000008 0.60625 0.11562500000000009 0.60625 0.11562500000000009 0.8375 0.20312500000000008 0.8375
1 0.7875 0.3453125000000001 0.68125 0.3453125000000001 0.68125 0.47343750000000007 0.7875 0.4734375000000002
1 0.9109375 0.2484375000000001 0.7734375 0.2484375000000001 0.7734375 0.4468750000000002 0.9109375 0.4468750000000002
1 0.8171875 0.1593750000000001 0.728125 0.1593750000000001 0.728125 0.2796875000000001 0.8171875 0.2796875000000001
1 0.734375 0.13281250000000008 0.6390625 0.13281250000000008 0.6390625 0.2828125000000001 0.734375 0.2828125000000001
1 0.2671875 0.12500000000000006 0.2109375 0.12500000000000006 0.2109375 0.2578125 0.2671875 0.2578125
1 0.2890625 0.007812500000000031 0.2328125 0.007812500000000028 0.2328125 0.07968750000000004 0.2890625 0.07968750000000005
1 1 0.015625000000000118 0.9046875 0.01562500000000011 0.9046875 0.20468750000000008 1 0.20468750000000008
1 0.8859375 1.0304254708450775e-16 0.796875 9.758904180705471e-17 0.796875 0.040625000000000105 0.8859375 0.04062500000000011
1 0.621875 7.079989307570636e-17 0.534375 6.544206332943669e-17 0.534375 0.037500000000000075 0.621875 0.037500000000000075