1 0.6515625 0.26250000000000007 0.603125 0.26250000000000007 0.603125 0.3218750000000001 0.6515625 0.3218750000000001
1 0.653125 0.4828125 0.6234375 0.4828125 0.6234375 0.5171875 0.653125 0.5171875
1 0.5359375 0.3531250000000001 0.515625 0.3531250000000001 0.515625 0.3859375000000001 0.5359375 0.3859375000000001
1 0.5265625 0.3937500000000001 0.49375 0.3937500000000001 0.49375 0.415625 0.5265625 0.415625
1 0.340625 0.23125 0.28125 0.23125 0.28125 0.315625 0.340625 0.315625
1 0.4796875 0.4453125 0.4 0.4453125 0.4 0.5234375 0.4796875 0.5234375
1 0.22812500000000008 0.40625 0.16250000000000003 0.40625 0.16250000000000003 0.4859375 0.22812500000000008 0.4859375
1 0.2562500000000001 0.603125 0.2250000000000001 0.603125 0.2250000000000001 0.6390625 0.2562500000000001 0.6390625
1 0.2156250000000001 0.5984375 0.1859375000000001 0.5984375 0.1859375000000001 0.6421875 0.2156250000000001 0.6421875
1 0.1671875000000001 0.8515625 0.1312500000000001 0.8515625 0.1312500000000001 0.8953125 0.1671875000000001 0.8953125
1 0.4437500000000002 0.7265625 0.4046875000000002 0.7265625 0.4046875000000002 0.7578125 0.4437500000000002 0.7578125
1 0.6156250000000002 0.8015625 0.5484375000000001 0.8015625 0.5484375000000001 0.871875 0.6156250000000002 0.871875
1 0.9640625 0.3828125000000001 0.89375 0.3828125000000001 0.89375 0.4500000000000002 0.9640625 0.4500000000000002