1 0.628125 0.1859375000000001 0.5625 0.1859375000000001 0.5625 0.2500000000000001 0.628125 0.2500000000000001
1 0.7921875 0.3140625000000001 0.721875 0.3140625000000001 0.721875 0.38750000000000007 0.7921875 0.38750000000000007
1 0.6140625 0.5109375 0.5859375 0.5109375 0.5859375 0.53125 0.6140625 0.53125
1 0.6484375 0.5359375 0.60625 0.5359375 0.60625 0.5609375 0.6484375 0.5609375
1 0.7140625 0.63125 0.665625 0.63125 0.665625 0.68125 0.7140625 0.68125
1 0.4921875 0.6296875 0.465625 0.6296875 0.465625 0.6578125 0.4921875 0.6578125
1 0.4453125 0.17187500000000006 0.3953125 0.17187500000000006 0.3953125 0.20468750000000008 0.4453125 0.20468750000000008
1 0.440625 0.22031250000000008 0.396875 0.22031250000000008 0.396875 0.24218750000000008 0.440625 0.24218750000000008
1 0.1984375 0.08593750000000003 0.15625 0.08593750000000003 0.15625 0.12187500000000002 0.1984375 0.12187500000000004
1 0.2890625000000001 0.384375 0.2531250000000001 0.384375 0.2531250000000001 0.4140625 0.2890625000000001 0.4140625
1 0.2062500000000001 0.5078125 0.12968750000000004 0.5078125 0.12968750000000007 0.5765625 0.2062500000000001 0.5765625
1 0.5671875000000002 0.9171875 0.4984375000000002 0.9171875 0.4984375000000002 0.9703125 0.5671875000000002 0.9703125
1 0.5671875 0.415625 0.49375 0.415625 0.49375 0.48125 0.5671875 0.48125