1 0.6796875 0.22656250000000008 0.5875 0.22656250000000008 0.5875 0.3750000000000001 0.6796875 0.3750000000000001
1 0.7125 0.03125000000000008 0.621875 0.031250000000000076 0.621875 0.1781250000000001 0.7125 0.1781250000000001
1 0.8 0.025000000000000095 0.71875 0.025000000000000088 0.71875 0.15625000000000008 0.8 0.15625000000000008
1 0.921875 0.040625000000000105 0.840625 0.0406250000000001 0.840625 0.13750000000000012 0.921875 0.13750000000000012
1 0.5765625 0.007812500000000064 0.4734375 0.007812500000000059 0.4734375 0.12500000000000006 0.5765625 0.12500000000000008
1 0.4453125 4.9081547497077516e-17 0.35625 4.362804221962446e-17 0.35625 0.11250000000000004 0.4453125 0.11250000000000004
1 0.2953125 3.2529680602351567e-17 0.2359375 2.8894010417382865e-17 0.2359375 0.04218750000000003 0.2953125 0.04218750000000003
1 0.2328125 2.4110233858213517e-17 0.1609375 1.9709159423777714e-17 0.1609375 0.03125000000000003 0.2328125 0.031250000000000035
1 0.17187500000000003 0.07968750000000001 0.0765625 0.0796875 0.0765625 0.203125 0.17187500000000006 0.203125
1 0.0765625 0.0015625000000000072 0.040625 0.0015625000000000049 0.04062500000000001 0.0953125 0.07656250000000002 0.0953125
1 0.3109375 0.15312500000000004 0.20625 0.15312500000000004 0.20625 0.2890625 0.3109375 0.2890625
1 0.43125 0.18437500000000004 0.34375 0.18437500000000004 0.34375 0.31718750000000007 0.43125 0.31718750000000007
1 0.5546875 0.19843750000000007 0.4671875 0.19843750000000004 0.4671875 0.3218750000000001 0.5546875 0.3218750000000001
1 0.75 0.24218750000000008 0.696875 0.24218750000000008 0.696875 0.3281250000000001 0.75 0.3281250000000001
1 0.8859375 0.22031250000000008 0.8109375 0.22031250000000008 0.8109375 0.3343750000000001 0.8859375 0.3343750000000001
1 0.9953125 0.20468750000000008 0.91875 0.20468750000000008 0.91875 0.3312500000000001 0.9953125 0.3312500000000001
1 0.9109375 0.42187500000000017 0.828125 0.42187500000000017 0.828125 0.5546875000000002 0.9109375 0.5546875000000002
1 0.778125 0.4281250000000001 0.7140625 0.428125 0.7140625 0.5578125 0.778125 0.5578125000000002
1 0.70625 0.434375 0.609375 0.434375 0.609375 0.5796875 0.70625 0.5796875
1 0.559375 0.43125 0.4671875 0.43125 0.4671875 0.565625 0.559375 0.565625
1 0.40625 0.38125000000000003 0.3140625000000001 0.38125 0.3140625000000001 0.5328125 0.40625 0.5328125
1 0.27031250000000007 0.35625 0.18750000000000006 0.35625 0.18750000000000006 0.5 0.27031250000000007 0.5
1 0.12500000000000006 0.2734375 0.025000000000000033 0.2734375 0.02500000000000004 0.40625 0.12500000000000006 0.40625
1 0.048437500000000064 0.4546875 5.568315914873122e-17 0.4546875 6.31458505810354e-17 0.5765625 0.048437500000000064 0.5765625
1 0.16406250000000006 0.49375 0.07343750000000007 0.49375 0.07343750000000007 0.64375 0.16406250000000008 0.64375
1 0.1062500000000001 0.7046875 0.02968750000000009 0.7046875 0.029687500000000096 0.825 0.1062500000000001 0.825
1 0.2656250000000001 0.5640625 0.1828125000000001 0.5640625 0.1828125000000001 0.7125 0.2656250000000001 0.7125
1 0.4062500000000001 0.603125 0.3234375000000001 0.603125 0.3234375000000001 0.734375 0.40625000000000017 0.734375
1 0.25468750000000007 0.7828125 0.17343750000000008 0.7828125 0.1734375000000001 0.909375 0.25468750000000007 0.909375
1 0.4046875000000002 0.8171875 0.3140625000000001 0.8171875 0.3140625000000001 0.95625 0.4046875000000002 0.95625
1 0.5531250000000001 0.634375 0.459375 0.634375 0.4593750000000001 0.75625 0.5531250000000002 0.75625
1 0.6828125 0.640625 0.584375 0.640625 0.5843750000000001 0.784375 0.6828125000000002 0.784375
1 0.5421875000000002 0.828125 0.44531250000000017 0.828125 0.44531250000000017 0.975 0.5421875000000002 0.975
1 0.6796875000000002 0.8453125 0.6031250000000001 0.8453125 0.6031250000000001 0.9828125 0.6796875000000002 0.9828125
1 0.878125 0.6500000000000001 0.778125 0.6500000000000001 0.7781250000000001 0.7625000000000002 0.878125 0.7625000000000002
1 0.9890625 0.5828125000000002 0.928125 0.5828125000000002 0.928125 0.6906250000000002 0.9890625 0.6906250000000002
1 0.9671875 0.7843750000000002 0.9359375 0.7843750000000002 0.9359375 0.88125 0.9671875 0.88125
1 0.8921875 0.828125 0.809375 0.828125 0.809375 0.9640625 0.8921875 0.9640625
1 0.7390625000000002 0.84375 0.7015625000000002 0.84375 0.7015625000000002 0.9671875 0.7390625000000002 0.9671875
1 0.7265625000000001 0.6562500000000001 0.7015625 0.65625 0.7015625000000001 0.7625000000000001 0.7265625000000002 0.7625000000000002