1 0.45625 0.14218750000000005 0.3890625 0.14218750000000005 0.3890625 0.19531250000000006 0.45625 0.19531250000000006
1 0.9515625 0.35625000000000007 0.909375 0.35625000000000007 0.909375 0.41406250000000017 0.9515625 0.41406250000000017
1 0.6453125 0.425 0.6109375 0.425 0.6109375 0.4546875 0.6453125 0.4546875
1 0.734375 0.6078125000000001 0.6890625 0.6078125 0.6890625 0.6578125000000001 0.734375 0.6578125000000001
1 0.6015625 0.5921875 0.575 0.5921875 0.575 0.61875 0.6015625 0.61875
1 0.565625 0.5734375 0.54375 0.5734375 0.54375 0.596875 0.565625 0.596875
1 0.490625 0.515625 0.43125 0.515625 0.43125 0.5828125 0.490625 0.5828125
1 0.35 0.3046875 0.3078125 0.3046875 0.3078125 0.346875 0.35 0.346875
1 0.032812500000000036 0.30625 3.750480822388769e-17 0.30625 3.989669650347237e-17 0.3453125 0.03281250000000004 0.3453125
1 0.22656250000000008 0.4953125 0.19687500000000005 0.4953125 0.19687500000000005 0.5203125 0.22656250000000008 0.5203125
1 0.18593750000000003 0.5078125 0.16406250000000006 0.5078125 0.16406250000000006 0.5421875 0.18593750000000003 0.5421875
1 0.2843750000000001 0.6546875 0.2156250000000001 0.6546875 0.2156250000000001 0.7234375 0.2843750000000001 0.7234375
1 0.46406250000000016 0.75 0.40156250000000016 0.75 0.40156250000000016 0.8265625 0.46406250000000016 0.8265625