1 0.484375 0.17968750000000006 0.4015625 0.17968750000000006 0.4015625 0.3312500000000001 0.484375 0.3312500000000001
1 0.328125 0.09218750000000003 0.2453125 0.09218750000000002 0.2453125 0.2234375 0.328125 0.2234375
1 0.590625 0.19843750000000007 0.5109375 0.19843750000000004 0.5109375 0.2843750000000001 0.590625 0.2843750000000001
1 0.6375 0.3703125000000001 0.546875 0.3703125000000001 0.546875 0.49375 0.6375 0.49375
1 0.796875 0.3625000000000001 0.690625 0.3625000000000001 0.690625 0.4875000000000001 0.796875 0.48750000000000016
1 0.934375 0.30156250000000007 0.790625 0.30156250000000007 0.790625 0.48750000000000016 0.934375 0.48750000000000016
1 0.85 0.1921875000000001 0.765625 0.1921875000000001 0.765625 0.30156250000000007 0.85 0.30156250000000007
1 0.7546875 0.15781250000000008 0.665625 0.15781250000000008 0.665625 0.2890625000000001 0.7546875 0.2890625000000001
1 0.7062500000000002 0.75 0.5234375000000002 0.75 0.5234375000000002 1 0.7062500000000002 1
1 0.4875000000000001 0.6453125 0.3593750000000001 0.6453125 0.3593750000000001 0.853125 0.48750000000000016 0.853125
1 0.3312500000000001 0.5234375 0.20312500000000008 0.5234375 0.20312500000000008 0.78125 0.3312500000000001 0.78125
1 0.1906250000000001 0.584375 0.08750000000000006 0.584375 0.08750000000000008 0.7921875 0.1906250000000001 0.7921875
1 1 0.06562500000000013 0.9390625 0.06562500000000011 0.9390625 0.25468750000000007 1 0.25468750000000007
1 0.653125 7.529664304132553e-17 0.5765625 7.060854201333958e-17 0.5765625 0.053125000000000075 0.653125 0.05312500000000009
1 0.340625 3.903561672282188e-17 0.296875 3.6356701849687046e-17 0.296875 0.04531250000000004 0.340625 0.04531250000000005