1 0.6375 0.14218750000000008 0.5875 0.14218750000000008 0.5875 0.21250000000000008 0.6375 0.21250000000000008
1 0.7078125 0.3203125000000001 0.675 0.3203125000000001 0.675 0.35625000000000007 0.7078125 0.35625000000000007
1 0.80625 0.5203125000000002 0.7765625 0.5203125000000002 0.7765625 0.5546875000000002 0.80625 0.5546875000000002
1 0.8421875 0.5281250000000002 0.8109375 0.5281250000000002 0.8109375 0.5750000000000002 0.8421875 0.5750000000000002
1 0.7703125000000001 0.6671875 0.7125 0.6671875 0.7125000000000001 0.7390625000000001 0.7703125000000002 0.7390625000000002
1 0.5781250000000002 0.7546875 0.5171875000000001 0.7546875 0.5171875000000001 0.8328125 0.5781250000000002 0.8328125
1 0.5734375 0.5046875 0.5078125 0.5046875 0.5078125 0.5984375 0.5734375 0.5984375
1 0.453125 0.571875 0.434375 0.571875 0.434375 0.590625 0.453125 0.590625
1 0.421875 0.5828125 0.3968750000000001 0.5828125 0.3968750000000001 0.6109375 0.421875 0.6109375
1 0.3968750000000001 0.4140625 0.37187500000000007 0.4140625 0.37187500000000007 0.4390625 0.3968750000000001 0.4390625
1 0.3125000000000001 0.58125 0.2531250000000001 0.58125 0.2531250000000001 0.6359375 0.3125000000000001 0.6359375
1 0.12031250000000004 0.2984375 0.06093750000000005 0.2984375 0.06093750000000005 0.3984375 0.12031250000000004 0.3984375