1 0.5828125 0.5 0.5171875 0.5 0.5171875 0.5828125 0.5828125 0.5828125
1 0.7921875 0.6218750000000002 0.74375 0.6218750000000002 0.74375 0.7015625000000002 0.7921875 0.7015625000000002
1 0.6203125000000002 0.75 0.5734375000000002 0.75 0.5734375000000002 0.8234375 0.6203125000000002 0.8234375
1 0.4765625 0.575 0.45 0.575 0.45 0.603125 0.4765625 0.603125
1 0.3750000000000001 0.4375 0.3625000000000001 0.4375 0.3625000000000001 0.4578125 0.3750000000000001 0.4578125
1 0.440625 0.596875 0.41875 0.596875 0.41875 0.628125 0.440625 0.628125
1 0.3281250000000001 0.6234375 0.28593750000000007 0.6234375 0.28593750000000007 0.6765625 0.3281250000000001 0.6765625
1 0.09843750000000004 0.3890625 0.050000000000000044 0.3890625 0.050000000000000044 0.4515625 0.09843750000000004 0.4515625
1 0.6703125 0.2875000000000001 0.653125 0.2875000000000001 0.653125 0.3234375000000001 0.6703125 0.3234375000000001
1 0.5828125 0.11875000000000006 0.5234375 0.11875000000000005 0.5234375 0.19375000000000006 0.5828125 0.1937500000000001
1 0.9890625 0.2609375000000001 0.95625 0.2609375000000001 0.95625 0.3000000000000001 0.9890625 0.3000000000000001
1 0.8390625 0.47968750000000016 0.8140625 0.47968750000000016 0.8140625 0.5093750000000001 0.8390625 0.5093750000000001
1 0.8015625 0.4703125000000002 0.78125 0.4703125000000002 0.78125 0.4968750000000002 0.8015625 0.4968750000000002