1 0.25312500000000004 0.2828125 3.463454228838608e-17 0.2828125 4.592425496802574e-17 0.4671875 0.2531250000000001 0.4671875
1 0.3578125000000001 0.503125 0.14218750000000005 0.503125 0.14218750000000008 0.628125 0.3578125000000001 0.628125
1 0.4437500000000001 0.6703125 0.2250000000000001 0.6703125 0.2250000000000001 0.7875 0.4437500000000002 0.7875
1 0.3937500000000001 0.7984375 0.1828125000000001 0.7984375 0.1828125000000001 0.9015625 0.3937500000000001 0.9015625
1 0.8265625 0.5437500000000001 0.6796875 0.54375 0.6796875 0.6218750000000001 0.8265625 0.6218750000000002
1 0.8046875 0.4375000000000001 0.71875 0.4375 0.71875 0.5000000000000001 0.8046875 0.5000000000000002
1 0.6203125 0.3843750000000001 0.5234375 0.3843750000000001 0.5234375 0.4609375 0.6203125 0.4609375
1 0.6671875 0.2218750000000001 0.5359375 0.2218750000000001 0.5359375 0.3218750000000001 0.6671875 0.3218750000000001
1 0.7546875 0.09218750000000007 0.5546875 0.09218750000000006 0.5546875 0.2296875000000001 0.7546875 0.2296875000000001
1 0.8359375 0.1781250000000001 0.746875 0.1781250000000001 0.746875 0.26250000000000007 0.8359375 0.26250000000000007
1 0.86875 0.2609375000000001 0.7234375 0.2609375000000001 0.7234375 0.35625000000000007 0.86875 0.35625000000000007
1 0.8796875 0.7171875000000002 0.7546875 0.7171875000000002 0.7546875000000001 0.7828125000000001 0.8796875 0.7828125000000001
1 0.9765625 1.1021821192326179e-16 0.8234375 1.0084200986728987e-16 0.8234375 0.09843750000000011 0.9765625 0.09843750000000011
1 1 0.10937500000000014 0.9421875 0.10937500000000014 0.9421875 0.18125000000000013 1 0.18125000000000013
1 1 0.3656250000000001 0.9609375 0.3656250000000001 0.9609375 0.44843750000000016 1 0.44843750000000016