1 0.321875 3.4538866757202695e-17 0.2421875 2.9659414666849956e-17 0.2421875 0.13125000000000003 0.321875 0.13125000000000003
1 0.4203125 4.6115606030392513e-17 0.3328125 4.075777628412285e-17 0.3328125 0.15625000000000006 0.4203125 0.15625000000000006
1 0.2078125 0.0015625000000000205 0.125 0.0015625000000000153 0.125 0.11250000000000002 0.2078125 0.11250000000000004
1 0.0859375 5.7405318710032185e-18 0.0078125 9.567553118338697e-19 0.007812500000000003 0.05 0.0859375 0.05
1 0.571875 6.39112548305025e-17 0.471875 5.778802083476573e-17 0.471875 0.12812500000000007 0.571875 0.1281250000000001
1 0.7078125 7.99847440693115e-17 0.5984375 7.328745688647442e-17 0.5984375 0.1375000000000001 0.7078125 0.1375000000000001
1 0.821875 9.519715352747004e-17 0.7328125 8.974364825001696e-17 0.7328125 0.0906250000000001 0.821875 0.09062500000000011
1 0.9109375 1.0524308430172568e-16 0.8078125 9.892849924362213e-17 0.8078125 0.0687500000000001 0.9109375 0.06875000000000012
1 0.9546875 0.11406250000000011 0.8578125 0.1140625000000001 0.8578125 0.2671875000000001 0.9546875 0.2671875000000001
1 0.8234375 0.16562500000000008 0.7296875 0.16562500000000008 0.7296875 0.3203125000000001 0.8234375 0.3203125000000001
1 0.684375 0.2000000000000001 0.575 0.2000000000000001 0.575 0.3359375000000001 0.684375 0.3359375000000001
1 0.5640625 0.18750000000000006 0.4421875 0.18750000000000006 0.4421875 0.3515625000000001 0.5640625 0.3515625000000001
1 0.4234375 0.21093750000000006 0.3359375 0.2109375 0.3359375 0.35937500000000006 0.4234375 0.3593750000000001
1 0.3328125 0.21875 0.271875 0.21875 0.271875 0.340625 0.3328125 0.340625
1 0.234375 0.17500000000000002 0.14375 0.175 0.14375000000000002 0.309375 0.234375 0.309375
1 0.12187500000000002 0.1453125 0.015625000000000017 0.1453125 0.015625000000000028 0.3 0.12187500000000004 0.3
1 0.06250000000000006 0.3265625 3.999237203465575e-17 0.3265625 4.889019643471074e-17 0.471875 0.06250000000000007 0.471875
1 0.17812500000000003 0.3765625 0.08593750000000004 0.3765625 0.08593750000000006 0.515625 0.17812500000000003 0.515625
1 0.2921875000000001 0.40625 0.21093750000000008 0.40625 0.21093750000000008 0.5359375 0.2921875000000001 0.5359375
1 0.3890625000000001 0.4109375 0.3078125000000001 0.4109375 0.3078125000000001 0.5671875 0.3890625000000001 0.5671875
1 0.5421875 0.41875 0.4296875 0.41875 0.4296875 0.5734375 0.5421875 0.5734375
1 0.7015625 0.3812500000000001 0.5828125 0.3812500000000001 0.5828125 0.5515625 0.7015625 0.5515625
1 0.8171875 0.3734375000000001 0.7265625 0.3734375000000001 0.7265625 0.5421875000000002 0.8171875 0.5421875000000002
1 0.9875 0.3218750000000001 0.8875 0.3218750000000001 0.8875 0.4703125000000002 0.9875 0.4703125000000002
1 0.928125 0.5234375000000002 0.809375 0.5234375000000002 0.809375 0.7031250000000002 0.928125 0.7031250000000002
1 1 0.49531250000000016 0.9390625 0.49531250000000016 0.9390625 0.6312500000000002 1 0.6312500000000002
1 0.8078125 0.5890625 0.6984375 0.5890625 0.6984375 0.753125 0.8078125 0.7531250000000002
1 0.6843750000000001 0.5921875 0.56875 0.5921875 0.5687500000000001 0.76875 0.6843750000000002 0.76875
1 0.5250000000000001 0.6296875 0.421875 0.6296875 0.4218750000000001 0.76875 0.5250000000000001 0.76875
1 0.4093750000000001 0.61875 0.2968750000000001 0.61875 0.2968750000000001 0.7671875 0.40937500000000016 0.7671875
1 0.21093750000000008 0.61875 0.11250000000000009 0.61875 0.11250000000000009 0.7453125 0.21093750000000008 0.7453125
1 0.07500000000000008 0.54375 6.659016970363734e-17 0.54375 7.33831324176578e-17 0.6546875 0.0750000000000001 0.6546875
1 0.1718750000000001 0.7828125 0.07656250000000009 0.7828125 0.0765625000000001 0.95625 0.17187500000000014 0.95625
1 0.35625000000000007 0.80625 0.2093750000000001 0.80625 0.2093750000000001 0.978125 0.35625000000000007 0.978125
1 0.5203125000000002 0.8328125 0.4156250000000002 0.8328125 0.4156250000000002 0.99375 0.5203125000000002 0.99375
1 0.6703125000000002 0.8171875 0.5421875000000002 0.8171875 0.5421875000000002 0.978125 0.6703125000000002 0.978125
1 0.80625 0.80625 0.6781250000000002 0.80625 0.6781250000000002 0.9640625 0.80625 0.9640625
1 0.934375 0.7390625000000002 0.8484375 0.7390625000000002 0.8484375 0.896875 0.934375 0.896875
1 1 0.7171875000000002 0.9515625 0.7171875000000002 0.9515625 0.8609375 1 0.8609375
1 0.90625 0.940625 0.815625 0.940625 0.815625 1 0.90625 1
1 1 0.9125 0.9265625 0.9125 0.9265625 1 1 1
1 0.0171875000000001 0.7140625 8.744743550161569e-17 0.7140625 9.787606840060487e-17 0.884375 0.017187500000000112 0.884375
1 0.10468750000000013 0.915625 0.004687500000000113 0.915625 0.004687500000000117 1 0.10468750000000013 1