1 0.584375 0.4390625 0.521875 0.4390625 0.521875 0.4859375 0.584375 0.4859375
1 0.59375 0.553125 0.565625 0.553125 0.565625 0.5828125 0.59375 0.5828125
1 0.6078125 0.590625 0.575 0.590625 0.575 0.6171875 0.6078125 0.6171875
1 0.4328125 0.596875 0.4078125 0.596875 0.4078125 0.6296875 0.4328125 0.6296875
1 0.6140625000000001 0.7109375 0.56875 0.7109375 0.5687500000000001 0.7421875 0.6140625000000002 0.7421875
1 0.8234375 0.4593750000000002 0.7625 0.4593750000000002 0.7625 0.5140625000000002 0.8234375 0.5140625000000002
1 0.7609375 0.26250000000000007 0.7 0.26250000000000007 0.7 0.3140625000000001 0.7609375 0.3140625000000001
1 0.596875 0.17343750000000008 0.5640625 0.17343750000000008 0.5640625 0.20468750000000008 0.596875 0.20468750000000008
1 0.5765625 0.21093750000000008 0.5453125 0.21093750000000008 0.5453125 0.22812500000000008 0.5765625 0.22812500000000008
1 0.375 0.2828125 0.3265625 0.2828125 0.3265625 0.31718750000000007 0.375 0.31718750000000007
1 0.22656250000000006 0.3421875 0.15000000000000005 0.3421875 0.15000000000000005 0.39375 0.22656250000000008 0.39375
1 0.3437500000000001 0.871875 0.2765625000000001 0.871875 0.2765625000000001 0.925 0.3437500000000001 0.925