2 0.571875 0.5796875 0.5234375 0.5796875 0.5234375 0.6265625 0.571875 0.6265625
2 0.4859375 0.4390625 0.453125 0.4390625 0.453125 0.478125 0.4859375 0.478125
2 0.4296875 0.3296875000000001 0.4 0.3296875000000001 0.4 0.3734375000000001 0.4296875 0.3734375000000001
2 0.3875 0.24375000000000005 0.3515625 0.24375 0.3515625 0.27968750000000003 0.3875 0.2796875000000001
2 0.3421875 0.18125000000000005 0.3203125 0.18125000000000005 0.3203125 0.19843750000000004 0.3421875 0.19843750000000004
2 0.315625 0.12187500000000004 0.2921875 0.12187500000000004 0.2921875 0.14531250000000004 0.315625 0.14531250000000004
2 0.2890625 0.07187500000000004 0.265625 0.07187500000000002 0.265625 0.09375000000000003 0.2890625 0.09375000000000004
2 0.2671875 0.028125000000000032 0.2453125 0.028125000000000032 0.2453125 0.048437500000000036 0.2671875 0.048437500000000036
2 0.66875 0.3921875000000001 0.6328125 0.3921875000000001 0.6328125 0.4328125 0.66875 0.4328125
2 0.7609375 0.5140625000000001 0.721875 0.5140625 0.721875 0.5562500000000001 0.7609375 0.5562500000000001
2 0.6687500000000002 0.7671875 0.6156250000000002 0.7671875 0.6156250000000002 0.81875 0.6687500000000002 0.81875
2 0.2828125000000001 0.884375 0.2250000000000001 0.884375 0.2250000000000001 0.9453125 0.2828125000000001 0.9453125
2 0.24375000000000008 0.665625 0.1828125000000001 0.665625 0.1828125000000001 0.715625 0.24375000000000008 0.715625
2 0.20312500000000008 0.5046875 0.15625000000000006 0.5046875 0.15625000000000006 0.5484375 0.20312500000000008 0.5484375
2 0.17343750000000005 0.3765625 0.13906250000000003 0.3765625 0.13906250000000003 0.4265625 0.17343750000000005 0.4265625
2 0.14843750000000006 0.278125 0.11718750000000004 0.278125 0.11718750000000004 0.3171875 0.14843750000000006 0.3171875
2 0.13593750000000004 0.2046875 0.10937500000000004 0.2046875 0.10937500000000004 0.2390625 0.13593750000000004 0.2390625
2 0.1234375 0.14375 0.09375000000000003 0.14375 0.09375000000000003 0.165625 0.1234375 0.165625
2 0.1109375 0.09062500000000001 0.0890625 0.090625 0.08906250000000002 0.1109375 0.1109375 0.1109375
2 0.096875 0.04062500000000001 0.0765625 0.04062500000000001 0.0765625 0.06250000000000001 0.096875 0.06250000000000003
2 0.0890625 0.004687500000000009 0.0703125 0.0046875000000000085 0.0703125 0.017187500000000012 0.0890625 0.017187500000000012
2 0.590625 0.3046875000000001 0.5609375 0.3046875000000001 0.5609375 0.33281250000000007 0.590625 0.33281250000000007
2 0.5328125 0.21875000000000008 0.496875 0.21875000000000008 0.496875 0.2484375000000001 0.5328125 0.2484375000000001
2 0.4765625 0.15781250000000005 0.45625 0.15781250000000005 0.45625 0.17812500000000003 0.4765625 0.17812500000000003
2 0.4390625 0.10312500000000005 0.4171875 0.10312500000000005 0.4171875 0.12656250000000005 0.4390625 0.12656250000000005
2 0.3984375 0.05468750000000004 0.3796875 0.05468750000000004 0.3796875 0.07031250000000004 0.3984375 0.07031250000000004
2 0.3765625 0.014062500000000044 0.3546875 0.014062500000000044 0.3546875 0.03125000000000004 0.3765625 0.03125000000000004
2 0.890625 0.6687500000000002 0.8375 0.6687500000000002 0.8375 0.7296875000000002 0.890625 0.7296875000000002
2 0.946875 0.4656250000000002 0.9015625 0.4656250000000002 0.9015625 0.5046875000000002 0.946875 0.5046875000000002
2 0.84375 0.34843750000000007 0.8 0.34843750000000007 0.8 0.39531250000000007 0.84375 0.39531250000000007
2 0.7515625 0.2656250000000001 0.70625 0.2656250000000001 0.70625 0.2953125000000001 0.7515625 0.2953125000000001
2 0.6734375 0.18906250000000008 0.640625 0.18906250000000008 0.640625 0.2171875000000001 0.6734375 0.2171875000000001
2 0.6125 0.1312500000000001 0.5859375 0.1312500000000001 0.5859375 0.1593750000000001 0.6125 0.1593750000000001
2 0.5640625 0.07968750000000006 0.5375 0.07968750000000006 0.5375 0.10468750000000007 0.5640625 0.10468750000000009
2 0.5203125 0.03593750000000006 0.4890625 0.03593750000000005 0.4890625 0.05468750000000007 0.5203125 0.05468750000000007
2 0.4796875 5.750099424121557e-17 0.459375 5.625721233583154e-17 0.459375 0.01875000000000006 0.4796875 0.018750000000000062
2 0.6265625 0.020312500000000074 0.6046875 0.020312500000000074 0.6046875 0.039062500000000076 0.6265625 0.039062500000000076
2 0.66875 0.06093750000000009 0.6484375 0.06093750000000009 0.6484375 0.08125000000000009 0.66875 0.08125000000000009
2 0.728125 0.10312500000000009 0.703125 0.10312500000000009 0.703125 0.1312500000000001 0.728125 0.1312500000000001
2 0.7953125 0.1687500000000001 0.7734375 0.1687500000000001 0.7734375 0.1937500000000001 0.7953125 0.1937500000000001
2 0.88125 0.2312500000000001 0.85 0.2312500000000001 0.85 0.2578125000000001 0.88125 0.2578125000000001
2 0.9796875 0.3140625000000001 0.9453125 0.3140625000000001 0.9453125 0.3421875000000001 0.9796875 0.3421875000000001
2 0.9984375 0.2000000000000001 0.9734375 0.2000000000000001 0.9734375 0.22031250000000008 0.9984375 0.22031250000000008
2 0.909375 0.1343750000000001 0.8828125 0.13437500000000008 0.8828125 0.1562500000000001 0.909375 0.15625000000000014
2 0.8375 0.08281250000000011 0.8171875 0.08281250000000011 0.8171875 0.10312500000000009 0.8375 0.10312500000000009
2 0.775 0.043750000000000094 0.7578125 0.04375000000000009 0.7578125 0.05156250000000009 0.775 0.05156250000000009
2 0.7265625 0.0015625000000000868 0.69375 0.0015625000000000847 0.69375 0.018750000000000086 0.7265625 0.01875000000000009
2 0.8703125 0.020312500000000105 0.8515625 0.020312500000000105 0.8515625 0.04218750000000011 0.8703125 0.042187500000000114
2 0.9375 0.06718750000000011 0.9203125 0.06718750000000011 0.9203125 0.08906250000000011 0.9375 0.08906250000000011
2 0.9609375 0.006250000000000117 0.9421875 0.006250000000000117 0.9421875 0.015625000000000118 0.9609375 0.015625000000000118