2 0.5921875 0.48125 0.5359375 0.48125 0.5359375 0.5734375 0.5921875 0.5734375
2 0.4375 0.3140625000000001 0.36875 0.3140625000000001 0.36875 0.4 0.4375 0.4
2 0.3421875 0.16562500000000005 0.25625 0.16562500000000005 0.25625 0.2578125 0.3421875 0.2578125
2 0.15625000000000006 0.303125 0.08125000000000004 0.303125 0.08125000000000004 0.378125 0.15625000000000006 0.378125
2 0.24218750000000008 0.4703125 0.16875000000000004 0.4703125 0.16875000000000007 0.56875 0.24218750000000008 0.56875
2 0.3515625000000001 0.634375 0.2921875000000001 0.634375 0.2921875000000001 0.7015625 0.3515625000000001 0.7015625
2 0.5109375000000002 0.778125 0.4437500000000002 0.778125 0.4437500000000002 0.8609375 0.5109375000000002 0.8609375
2 0.6625000000000002 0.9109375 0.5984375000000002 0.9109375 0.5984375000000002 0.9953125 0.6625000000000002 0.9953125
2 0.7609375 0.6343750000000001 0.690625 0.634375 0.690625 0.7000000000000001 0.7609375 0.7000000000000002
2 0.9515625 0.7171875000000002 0.8640625 0.7171875000000002 0.8640625 0.7937500000000002 0.9515625 0.7937500000000002
2 0.2484375 0.014062500000000028 0.2046875 0.014062500000000028 0.2046875 0.07812500000000003 0.2484375 0.07812500000000003