0 0.7125 0.06562500000000009 0.671875 0.06562500000000009 0.671875 0.1468750000000001 0.7125 0.1468750000000001
0 0.6828125 0.14062500000000008 0.6234375 0.14062500000000008 0.6234375 0.2390625000000001 0.6828125 0.2390625000000001
0 0.6359375 0.2312500000000001 0.5515625 0.2312500000000001 0.5515625 0.3375000000000001 0.6359375 0.3375000000000001
0 0.559375 0.3343750000000001 0.4921875 0.3343750000000001 0.4921875 0.4453125 0.559375 0.4453125
0 0.5046875 0.43125 0.4078125 0.43125 0.4078125 0.5546875 0.5046875 0.5546875
0 0.4203125 0.540625 0.3359375000000001 0.540625 0.3359375000000001 0.5765625 0.4203125 0.5765625
0 0.3421875000000001 0.51875 0.2468750000000001 0.51875 0.2468750000000001 0.5640625 0.3421875000000001 0.5640625
0 0.2593750000000001 0.4421875 0.15312500000000004 0.4421875 0.15312500000000004 0.53125 0.2593750000000001 0.53125
0 0.46875 0.5390625 0.41875 0.5390625 0.41875 0.6015625 0.46875 0.6015625
0 0.4640625 0.5890625 0.36406250000000007 0.5890625 0.36406250000000007 0.6375 0.4640625 0.6375
0 0.3578125000000001 0.6328125 0.2750000000000001 0.6328125 0.2750000000000001 0.6953125 0.3578125000000001 0.6953125
0 0.2828125000000001 0.6875 0.2093750000000001 0.6875 0.2093750000000001 0.815625 0.2828125000000001 0.815625
0 0.3828125000000001 0.7625 0.3312500000000001 0.7625 0.3312500000000001 0.890625 0.3828125000000001 0.890625
0 0.41718750000000016 0.8796875 0.3828125000000001 0.8796875 0.3828125000000001 0.9140625 0.41718750000000016 0.9140625
0 0.4390625000000002 0.90625 0.38750000000000007 0.90625 0.38750000000000007 0.9625 0.4390625000000002 0.9625
0 0.553125 0.5859375 0.46875 0.5859375 0.46875 0.6484375 0.553125 0.6484375
0 0.6421875 0.5359375 0.528125 0.5359375 0.528125 0.6515625 0.6421875 0.6515625
0 0.603125 0.6296875 0.534375 0.6296875 0.534375 0.69375 0.603125 0.69375
0 0.5843750000000001 0.68125 0.478125 0.68125 0.4781250000000001 0.95 0.5843750000000002 0.95
0 0.6890625 0.640625 0.5828125 0.640625 0.5828125 0.6921875 0.6890625 0.6921875
0 0.740625 0.6250000000000001 0.65 0.625 0.65 0.6843750000000001 0.740625 0.6843750000000002
0 0.884375 0.5687500000000002 0.73125 0.5687500000000002 0.73125 0.6500000000000001 0.884375 0.6500000000000001
0 0.7703125000000001 0.6625000000000001 0.6984375 0.6625 0.6984375 0.9328125 0.7703125000000002 0.9328125