0 0.4640625 0.540625 0.4125 0.540625 0.4125 0.603125 0.4640625 0.603125
0 0.4203125 0.5328125 0.3500000000000001 0.5328125 0.3500000000000001 0.5609375 0.4203125 0.5609375
0 0.3781250000000001 0.4390625 0.14531250000000004 0.4390625 0.14531250000000007 0.571875 0.3781250000000001 0.571875
0 0.5578125 0.3343750000000001 0.4046875 0.3343750000000001 0.4046875 0.55625 0.5578125 0.55625
0 0.675 0.15312500000000007 0.5359375 0.15312500000000004 0.5359375 0.34843750000000007 0.675 0.34843750000000007
0 0.7140625 0.06875000000000009 0.646875 0.06875000000000009 0.646875 0.1609375000000001 0.7140625 0.1609375000000001
0 0.8609375 0.5765625000000001 0.7 0.5765625 0.7 0.6500000000000001 0.8609375 0.6500000000000001
0 0.7171875 0.6265625 0.6640625 0.6265625 0.6640625 0.6796875 0.7171875 0.6796875
0 0.6453125 0.5546875 0.5359375 0.5546875 0.5359375 0.6609375 0.6453125 0.6609375
0 0.58125 0.5921875 0.4875 0.5921875 0.4875 0.678125 0.58125 0.678125
0 0.5 0.5890625 0.3906250000000001 0.5890625 0.3906250000000001 0.6234375 0.5 0.6234375
0 0.4 0.6078125 0.2984375000000001 0.6078125 0.2984375000000001 0.6828125 0.4 0.6828125
0 0.3140625000000001 0.66875 0.2015625000000001 0.66875 0.2015625000000001 0.8125 0.3140625000000001 0.8125
0 0.4203125000000002 0.7734375 0.3218750000000001 0.7734375 0.3218750000000001 0.90625 0.4203125000000002 0.90625
0 0.4546875000000002 0.8953125 0.3781250000000001 0.8953125 0.3781250000000001 0.9625 0.4546875000000002 0.9625
0 0.7437500000000001 0.6718750000000001 0.6921875 0.671875 0.6921875000000001 0.7796875000000001 0.7437500000000001 0.7796875000000002
0 0.7625000000000002 0.7734375000000002 0.7281250000000001 0.7734375000000002 0.7281250000000001 0.9390625 0.7625000000000002 0.9390625