0 0.5140625 0.14375000000000004 0.4046875 0.14375000000000004 0.4046875 0.3859375000000001 0.5140625 0.3859375000000001
0 0.4453125 0.3593750000000001 0.4203125 0.3593750000000001 0.4203125 0.4375 0.4453125 0.4375
0 0.459375 0.428125 0.38750000000000007 0.428125 0.38750000000000007 0.4890625 0.459375 0.4890625
0 0.4125 0.4765625 0.3453125000000001 0.4765625 0.3453125000000001 0.59375 0.4125 0.59375
0 0.3750000000000001 0.59375 0.3421875000000001 0.59375 0.3421875000000001 0.75 0.3750000000000001 0.75
0 0.34843750000000007 0.74375 0.13281250000000008 0.74375 0.13281250000000008 0.8234375 0.34843750000000007 0.8234375
0 0.42656250000000007 0.69375 0.3625000000000001 0.69375 0.3625000000000001 0.746875 0.4265625000000002 0.746875
0 0.4937500000000002 0.73125 0.39531250000000007 0.73125 0.39531250000000007 0.871875 0.4937500000000002 0.871875
0 0.59375 0.3828125000000001 0.415625 0.3828125000000001 0.415625 0.4953125 0.59375 0.4953125
0 0.8 0.4828125000000001 0.5875 0.4828125 0.5875 0.5921875000000001 0.8 0.5921875000000002
0 0.9640625 0.5750000000000002 0.7953125 0.5750000000000002 0.7953125 0.6234375000000002 0.9640625 0.6234375000000002
0 0.38593750000000004 0.3296875 0.2875 0.3296875 0.28750000000000003 0.4359375 0.3859375000000001 0.4359375
0 0.296875 0.2640625 0.15468750000000003 0.2640625 0.15468750000000003 0.3296875 0.296875 0.3296875
0 0.20312500000000008 0.3796875 0.09218750000000005 0.3796875 0.09218750000000006 0.4703125 0.20312500000000008 0.4703125
0 0.08281250000000005 0.4453125 0.04218750000000006 0.4453125 0.04218750000000006 0.515625 0.08281250000000007 0.515625
0 0.3031250000000001 0.5796875 0.056250000000000064 0.5796875 0.056250000000000064 0.60625 0.3031250000000001 0.60625