0 0.609375 0.14531250000000007 0.5234375 0.14531250000000004 0.5234375 0.39531250000000007 0.609375 0.39531250000000007
0 0.59375 0.3781250000000001 0.5078125 0.3781250000000001 0.5078125 0.465625 0.59375 0.465625
0 0.5046875 0.4515625 0.3140625000000001 0.4515625 0.3140625000000001 0.521875 0.5046875 0.521875
0 0.3156250000000001 0.5140625 0.12812500000000004 0.5140625 0.12812500000000007 0.5921875 0.3156250000000001 0.5921875
0 0.61875 0.440625 0.56875 0.440625 0.56875 0.5578125 0.61875 0.5578125
0 0.709375 0.3531250000000001 0.60625 0.3531250000000001 0.60625 0.478125 0.709375 0.478125
0 0.8640625 0.2890625000000001 0.70625 0.2890625000000001 0.70625 0.37187500000000007 0.8640625 0.37187500000000007
0 0.9171875 0.39531250000000007 0.8125 0.39531250000000007 0.8125 0.5109375000000002 0.9171875 0.5109375000000002
0 0.9640625 0.48750000000000016 0.921875 0.48750000000000016 0.921875 0.5468750000000002 0.9640625 0.5468750000000002
0 0.653125 0.5515625 0.596875 0.5515625 0.596875 0.6140625 0.653125 0.6140625
0 0.6234375 0.5484375 0.528125 0.5484375 0.528125 0.6765625 0.6234375 0.6765625
0 0.6546875 0.6078125 0.615625 0.6078125 0.615625 0.71875 0.6546875 0.71875
0 0.6234375000000001 0.7 0.5609375 0.7 0.5609375000000001 0.753125 0.6234375000000002 0.753125
0 0.5890625000000002 0.7421875 0.4890625000000002 0.7421875 0.4890625000000002 0.878125 0.5890625000000002 0.878125
0 0.7046875000000001 0.71875 0.6234375 0.71875 0.6234375000000001 0.8 0.7046875000000001 0.8
0 0.8734375 0.7937500000000001 0.6984375000000002 0.79375 0.6984375000000002 0.85625 0.8734375 0.85625
0 0.9234375 0.6031250000000001 0.8 0.6031250000000001 0.8 0.6343750000000001 0.9234375 0.6343750000000001
0 0.1296875000000001 0.578125 0.029687500000000068 0.578125 0.02968750000000007 0.609375 0.1296875000000001 0.609375