1 0.6265625 0.2984375000000001 0.46875 0.2984375000000001 0.46875 0.425 0.6265625 0.425
1 0.665625 0.17656250000000007 0.503125 0.17656250000000004 0.503125 0.2843750000000001 0.665625 0.2843750000000001
1 0.740625 0.028125000000000084 0.59375 0.028125000000000077 0.59375 0.1312500000000001 0.740625 0.1312500000000001
1 0.928125 0.0671875000000001 0.8078125 0.0671875000000001 0.8078125 0.1828125000000001 0.928125 0.18281250000000013
1 0.8640625 0.18906250000000008 0.7109375 0.18906250000000008 0.7109375 0.3234375000000001 0.8640625 0.3234375000000001
1 0.8296875 0.3453125000000001 0.66875 0.3453125000000001 0.66875 0.4484375000000001 0.8296875 0.44843750000000016
1 0.8234375 0.45781250000000007 0.6515625 0.4578125 0.6515625 0.5750000000000001 0.8234375 0.5750000000000002
1 0.775 0.5984375000000001 0.625 0.5984375 0.625 0.7109375000000001 0.775 0.7109375000000002
1 0.7765625000000002 0.7921875 0.6406250000000002 0.7921875 0.6406250000000002 0.8796875 0.7765625000000002 0.8796875
1 0.809375 0.9109375 0.6234375000000002 0.9109375 0.6234375000000002 1 0.809375 1
1 0.9546875 0.8453125 0.8390625 0.8453125 0.8390625 0.953125 0.9546875 0.953125
1 0.9671875 0.6265625000000001 0.815625 0.6265625000000001 0.815625 0.7421875000000002 0.9671875 0.7421875000000002
1 1 0.46875000000000017 0.878125 0.46875000000000017 0.878125 0.5968750000000002 1 0.5968750000000002
1 1 0.3453125000000001 0.8875 0.3453125000000001 0.8875 0.4750000000000002 1 0.4750000000000002
1 1 0.24218750000000008 0.9375 0.24218750000000008 0.9375 0.3281250000000001 1 0.3281250000000001
1 0.590625 0.446875 0.4390625 0.446875 0.4390625 0.58125 0.590625 0.58125
1 0.5578125 0.584375 0.40625 0.584375 0.40625 0.7140625 0.5578125 0.7140625
1 0.5609375000000002 0.8109375 0.43281250000000016 0.8109375 0.43281250000000016 0.91875 0.5609375000000002 0.91875
1 0.5703125 6.142369101973443e-17 0.4328125 5.300424427559639e-17 0.4328125 0.054687500000000056 0.5703125 0.05468750000000007
1 0.5328125 0.05625000000000006 0.3625 0.05625000000000004 0.3625 0.16875000000000004 0.5328125 0.16875000000000004
1 0.4453125 0.16250000000000003 0.3 0.16250000000000003 0.3 0.28437500000000004 0.4453125 0.2843750000000001
1 0.4046875 0.30156250000000007 0.2484375 0.3015625 0.24843750000000003 0.40625 0.4046875 0.40625
1 0.3656250000000001 0.45 0.2218750000000001 0.45 0.2218750000000001 0.5671875 0.3656250000000001 0.5671875
1 0.3687500000000001 0.575 0.1828125000000001 0.575 0.1828125000000001 0.68125 0.3687500000000001 0.68125
1 0.3390625000000001 0.7640625 0.2140625000000001 0.7640625 0.2140625000000001 0.88125 0.3390625000000001 0.88125
1 0.4046875000000002 0.903125 0.2875000000000001 0.903125 0.2875000000000001 1 0.4046875000000002 1
1 0.31875 0.004687500000000032 0.2 0.004687500000000025 0.2 0.11250000000000004 0.31875 0.11250000000000004
1 0.246875 0.14062500000000003 0.1 0.140625 0.10000000000000002 0.2671875 0.246875 0.2671875
1 0.20625000000000004 0.2890625 0.05468750000000004 0.2890625 0.05468750000000004 0.403125 0.2062500000000001 0.403125
1 0.17812500000000003 0.4203125 0.007812500000000052 0.4203125 0.007812500000000059 0.5375 0.17812500000000003 0.5375
1 0.13281250000000008 0.578125 0.018750000000000072 0.578125 0.01875000000000008 0.6953125 0.13281250000000008 0.6953125
1 0.1437500000000001 0.78125 0.0343750000000001 0.78125 0.03437500000000011 0.8734375 0.1437500000000001 0.8734375