1 0.05156250000000003 0.25 0.023437500000000035 0.25 0.023437500000000035 0.296875 0.051562500000000046 0.296875
1 0.378125 0.27968750000000003 0.3328125 0.2796875 0.3328125 0.32812500000000006 0.378125 0.3281250000000001
1 0.4921875 0.11406250000000004 0.4203125 0.11406250000000004 0.4203125 0.2078125000000001 0.4921875 0.2078125000000001
1 0.6484375 0.4421875 0.621875 0.4421875 0.621875 0.471875 0.6484375 0.471875
1 0.7109375 0.6328125 0.671875 0.6328125 0.671875 0.6859375 0.7109375 0.6859375
1 0.578125 0.59375 0.5578125 0.59375 0.5578125 0.6328125 0.578125 0.6328125
1 0.553125 0.58125 0.5296875 0.58125 0.5296875 0.60625 0.553125 0.60625
1 0.4828125 0.5 0.4125 0.5 0.4125 0.590625 0.4828125 0.590625
1 0.22031250000000008 0.45625 0.20468750000000008 0.45625 0.20468750000000008 0.484375 0.22031250000000008 0.484375
1 0.18906250000000005 0.4640625 0.15781250000000005 0.4640625 0.15781250000000005 0.509375 0.18906250000000005 0.509375
1 0.25468750000000007 0.615625 0.19531250000000008 0.615625 0.19531250000000008 0.6890625 0.25468750000000007 0.6890625
1 0.42968750000000017 0.7484375 0.36406250000000007 0.7484375 0.36406250000000007 0.825 0.42968750000000017 0.825
1 0.9640625 0.39531250000000007 0.9078125 0.39531250000000007 0.9078125 0.4890625000000002 0.9640625 0.4890625000000002