1 0.425 0.03281250000000004 0.315625 0.032812500000000036 0.315625 0.14218750000000005 0.425 0.14218750000000005
1 0.3 0.054687500000000035 0.190625 0.05468750000000002 0.19062500000000002 0.18593750000000003 0.3 0.18593750000000003
1 0.1625 0.08593750000000001 0.0765625 0.0859375 0.0765625 0.18125 0.1625 0.18125
1 0.07187500000000002 0.0921875 1.1289712679639661e-17 0.0921875 1.6264840301175783e-17 0.1734375 0.07187500000000002 0.1734375
1 0.5734375 0.007812500000000062 0.459375 0.007812500000000056 0.459375 0.13437500000000008 0.5734375 0.13437500000000008
1 0.653125 7.424421219830829e-17 0.559375 6.850368032730508e-17 0.559375 0.07812500000000008 0.653125 0.07812500000000008
1 0.790625 0.10156250000000008 0.6828125 0.10156250000000008 0.6828125 0.22031250000000008 0.790625 0.22031250000000008
1 0.9015625 0.040625000000000105 0.7921875 0.0406250000000001 0.7921875 0.1781250000000001 0.9015625 0.1781250000000001
1 0.884375 0.2890625000000001 0.796875 0.2890625000000001 0.796875 0.4203125000000002 0.884375 0.4203125000000002
1 0.6203125 0.18437500000000007 0.496875 0.18437500000000004 0.496875 0.3312500000000001 0.6203125 0.3312500000000001
1 0.478125 0.2078125000000001 0.38125 0.2078125000000001 0.38125 0.3375000000000001 0.478125 0.3375000000000001
1 0.36718750000000006 0.22343750000000004 0.2453125 0.2234375 0.24531250000000004 0.37968750000000007 0.3671875000000001 0.37968750000000007
1 0.22656250000000006 0.259375 0.11250000000000004 0.259375 0.11250000000000004 0.40625 0.22656250000000008 0.40625
1 0.07031250000000003 0.2265625 2.7745904043182222e-17 0.2265625 3.6356701849687046e-17 0.3671875 0.07031250000000004 0.3671875
1 0.09843750000000005 0.4390625 0.0015625000000000534 0.4390625 0.0015625000000000625 0.5828125 0.09843750000000007 0.5828125
1 0.2828125000000001 0.465625 0.15156250000000004 0.465625 0.15156250000000007 0.6015625 0.2828125000000001 0.6015625
1 0.421875 0.4265625 0.2953125000000001 0.4265625 0.2953125000000001 0.5890625 0.421875 0.5890625
1 0.5703125 0.4203125 0.4359375 0.4203125 0.4359375 0.5671875 0.5703125 0.5671875
1 0.7046875 0.3843750000000001 0.5921875 0.3843750000000001 0.5921875 0.5390625 0.7046875 0.5390625
1 0.7671875 0.3296875000000001 0.678125 0.3296875000000001 0.678125 0.4875000000000001 0.7671875 0.48750000000000016
1 0.93125 0.5078125000000002 0.8078125 0.5078125000000002 0.8078125 0.6531250000000002 0.93125 0.6531250000000002
1 0.7656250000000001 0.5640625000000001 0.65625 0.5640625 0.6562500000000001 0.7343750000000001 0.7656250000000002 0.7343750000000002
1 0.6406250000000001 0.609375 0.5265625 0.609375 0.5265625 0.7640625 0.6406250000000002 0.7640625
1 0.4828125000000001 0.634375 0.4046875 0.634375 0.4046875000000001 0.771875 0.4828125000000002 0.771875
1 0.3500000000000001 0.6421875 0.2250000000000001 0.6421875 0.2250000000000001 0.8015625 0.3500000000000001 0.8015625
1 0.2312500000000001 0.6265625 0.12031250000000009 0.6265625 0.12031250000000009 0.7875 0.2312500000000001 0.7875
1 0.0828125000000001 0.6375 0.02187500000000008 0.6375 0.021875000000000085 0.7515625 0.0828125000000001 0.7515625
1 0.2250000000000001 0.8453125 0.1437500000000001 0.8453125 0.1437500000000001 0.96875 0.2250000000000001 0.96875
1 0.12343750000000012 0.8328125 0.07343750000000011 0.8328125 0.07343750000000011 0.95625 0.12343750000000013 0.95625
1 0.4125000000000002 0.85 0.3125000000000001 0.85 0.3125000000000001 1 0.4125000000000002 1
1 0.5718750000000001 0.825 0.4437500000000002 0.825 0.4437500000000002 0.99375 0.5718750000000001 0.99375
1 0.7015625000000002 0.8140625 0.5781250000000002 0.8140625 0.5781250000000002 0.984375 0.7015625000000002 0.984375
1 0.8328125 0.7625000000000002 0.7296875000000002 0.7625000000000002 0.7296875000000002 0.921875 0.8328125 0.921875
1 1 0.6859375000000002 0.9109375 0.6859375000000002 0.9109375 0.828125 1 0.828125
1 0.971875 0.20312500000000008 0.9265625 0.20312500000000008 0.9265625 0.3375000000000001 0.971875 0.3375000000000001
1 1 0.40156250000000016 0.9265625 0.40156250000000016 0.9265625 0.5046875000000002 1 0.5046875000000002