1 0.5234375 5.72139676476654e-17 0.4109375 5.032532940246154e-17 0.4109375 0.12343750000000005 0.5234375 0.12343750000000005
1 0.640625 0.004687500000000073 0.5390625 0.004687500000000067 0.5390625 0.13125000000000006 0.640625 0.1312500000000001
1 0.7640625 0.05937500000000009 0.6734375 0.05937500000000009 0.6734375 0.1984375000000001 0.7640625 0.1984375000000001
1 0.8546875 0.0718750000000001 0.7859375 0.07187500000000009 0.7859375 0.1828125000000001 0.8546875 0.1828125000000001
1 0.971875 0.08281250000000011 0.88125 0.08281250000000011 0.88125 0.1968750000000001 0.971875 0.19687500000000013
1 0.7234375 0.2390625000000001 0.609375 0.2390625000000001 0.609375 0.3921875000000001 0.7234375 0.3921875000000001
1 0.6125 0.19531250000000006 0.4765625 0.19531250000000006 0.4765625 0.3421875000000001 0.6125 0.3421875000000001
1 0.4890625 0.14531250000000004 0.3578125 0.14531250000000004 0.3578125 0.29687500000000006 0.4890625 0.2968750000000001
1 0.3640625 0.12343750000000005 0.234375 0.12343750000000005 0.234375 0.26250000000000007 0.3640625 0.26250000000000007
1 0.221875 0.028125000000000018 0.1234375 0.02812500000000001 0.1234375 0.15156250000000002 0.221875 0.15156250000000004
1 0.16718750000000004 0.2125 0.05625000000000002 0.2125 0.056250000000000036 0.3390625 0.16718750000000004 0.3390625
1 0.31093750000000003 0.3203125 0.19843750000000004 0.3203125 0.19843750000000004 0.453125 0.3109375000000001 0.453125
1 0.4296875 0.35781250000000003 0.31875 0.3578125 0.31875000000000003 0.5109375 0.4296875 0.5109375
1 0.565625 0.4234375 0.4546875 0.4234375 0.4546875 0.58125 0.565625 0.58125
1 0.7015625 0.446875 0.6 0.446875 0.6 0.6015625 0.7015625 0.6015625
1 0.9265625 0.47656250000000017 0.8390625 0.47656250000000017 0.8390625 0.5843750000000002 0.9265625 0.5843750000000002
1 0.8 0.4515625000000001 0.703125 0.4515625 0.703125 0.596875 0.8 0.5968750000000002
1 0.8546875 0.6921875000000002 0.740625 0.6921875000000002 0.7406250000000001 0.8203125 0.8546875 0.8203125
1 0.6843750000000001 0.6609375 0.553125 0.6609375 0.5531250000000001 0.80625 0.6843750000000002 0.80625
1 0.5578125 0.6171875 0.4234375 0.6171875 0.4234375000000001 0.7640625 0.5578125000000002 0.7640625
1 0.4171875 0.5796875 0.2890625000000001 0.5796875 0.2890625000000001 0.715625 0.4171875 0.715625
1 0.2812500000000001 0.5328125 0.15156250000000004 0.5328125 0.15156250000000007 0.675 0.2812500000000001 0.675
1 0.17812500000000006 0.4359375 0.06250000000000004 0.4359375 0.06250000000000006 0.596875 0.1781250000000001 0.596875
1 0.046875000000000056 0.365625 4.4776148593825096e-17 0.365625 5.43437017121638e-17 0.521875 0.04687500000000007 0.521875
1 0.09531250000000008 0.621875 7.615772282197602e-17 0.621875 8.582095147149811e-17 0.7796875 0.09531250000000009 0.7796875
1 0.22031250000000008 0.71875 0.11718750000000008 0.71875 0.11718750000000008 0.884375 0.22031250000000008 0.884375
1 0.3625000000000001 0.79375 0.23593750000000008 0.79375 0.23593750000000008 0.94375 0.3625000000000001 0.94375
1 0.4984375000000002 0.821875 0.3843750000000001 0.821875 0.3843750000000001 0.98125 0.4984375000000002 0.98125
1 0.6375000000000002 0.853125 0.5343750000000002 0.853125 0.5343750000000002 1 0.6375000000000002 1
1 0.8421875 0.8765625 0.7156250000000002 0.8765625 0.7156250000000002 1 0.8421875 1
1 0.921875 0.2609375000000001 0.8296875 0.2609375000000001 0.8296875 0.4000000000000002 0.921875 0.4000000000000002