1 0.3 0.1609375 0.1765625 0.1609375 0.1765625 0.2125 0.3 0.2125
1 0.35156250000000006 0.3375 0.2046875 0.3375 0.20468750000000005 0.4046875 0.3515625000000001 0.4046875
1 0.29375000000000007 0.446875 0.18437500000000004 0.446875 0.18437500000000004 0.5171875 0.29375000000000007 0.5171875
1 0.2375000000000001 0.5703125 0.11250000000000009 0.5703125 0.11250000000000009 0.6609375 0.2375000000000001 0.6609375
1 0.4609375 0.53125 0.3437500000000001 0.53125 0.3437500000000001 0.6203125 0.4609375 0.6203125
1 0.4359375000000001 0.6421875 0.29375000000000007 0.6421875 0.29375000000000007 0.759375 0.4359375000000002 0.759375
1 0.39531250000000007 0.7375 0.2062500000000001 0.7375 0.2062500000000001 0.871875 0.39531250000000007 0.871875
1 0.2296875000000001 0.6765625 0.10312500000000009 0.6765625 0.10312500000000009 0.753125 0.2296875000000001 0.753125
1 0.8625 0.44218750000000007 0.66875 0.4421875 0.66875 0.5437500000000001 0.8625 0.5437500000000002
1 0.8203125 0.26250000000000007 0.5984375 0.26250000000000007 0.5984375 0.3687500000000001 0.8203125 0.3687500000000001
1 0.8859375 0.1625000000000001 0.6921875 0.1625000000000001 0.6921875 0.2531250000000001 0.8859375 0.2531250000000001
1 0.965625 0.6296875000000001 0.703125 0.6296875 0.7031250000000001 0.7953125000000001 0.965625 0.7953125000000002
1 0.11875000000000002 0.1625 0.07500000000000002 0.1625 0.07500000000000002 0.2015625 0.11875000000000005 0.2015625
1 0.048437500000000064 0.415625 5.089938258956187e-17 0.415625 5.778802083476573e-17 0.528125 0.048437500000000064 0.528125