1 0.5765625 0.4328125 0.5109375 0.4328125 0.5109375 0.496875 0.5765625 0.496875
1 0.6 0.540625 0.5734375 0.540625 0.5734375 0.5609375 0.6 0.5609375
1 0.61875 0.578125 0.59375 0.578125 0.59375 0.5984375 0.61875 0.5984375
1 0.6546875 0.6859375 0.6140625 0.6859375 0.6140625 0.725 0.6546875 0.725
1 0.453125 0.615625 0.43125 0.615625 0.43125 0.65 0.453125 0.65
1 0.4281250000000002 0.9 0.3578125000000001 0.9 0.3578125000000001 0.9578125 0.4281250000000002 0.9578125
1 0.2062500000000001 0.396875 0.12343750000000005 0.396875 0.12343750000000005 0.459375 0.2062500000000001 0.459375
1 0.3296875 0.3140625 0.3 0.3140625 0.3 0.346875 0.3296875 0.346875
1 0.71875 0.2234375000000001 0.64375 0.2234375000000001 0.64375 0.2843750000000001 0.71875 0.2843750000000001
1 0.8265625 0.4046875000000002 0.75 0.4046875000000002 0.75 0.4593750000000002 0.8265625 0.4593750000000002
1 0.51875 0.20468750000000008 0.4953125 0.20468750000000008 0.4953125 0.2296875000000001 0.51875 0.2296875000000001
1 0.5421875 0.16406250000000006 0.5 0.16406250000000006 0.5 0.2000000000000001 0.5421875 0.2000000000000001
1 0.340625 0.00937500000000004 0.296875 0.009375000000000036 0.296875 0.032812500000000036 0.340625 0.03281250000000004