1 0.6140625 6.601611651653701e-17 0.4640625 5.683126552293186e-17 0.4640625 0.06875000000000006 0.6140625 0.06875000000000006
1 0.7703125 0.040625000000000085 0.621875 0.04062500000000008 0.621875 0.1531250000000001 0.7703125 0.1531250000000001
1 0.9703125 0.0906250000000001 0.8125 0.0906250000000001 0.8125 0.21875000000000008 0.9703125 0.21875000000000008
1 0.8859375 0.2171875000000001 0.7078125 0.2171875000000001 0.7078125 0.34062500000000007 0.8859375 0.34062500000000007
1 0.6859375 0.17187500000000006 0.525 0.17187500000000006 0.525 0.2921875000000001 0.6859375 0.2921875000000001
1 0.559375 0.05625000000000006 0.390625 0.05625000000000004 0.390625 0.17812500000000006 0.559375 0.1781250000000001
1 0.4765625 0.15000000000000005 0.2953125 0.15000000000000005 0.2953125 0.27343750000000006 0.4765625 0.2734375000000001
1 0.359375 3.5112919944303015e-17 0.2140625 2.6215095544248028e-17 0.2140625 0.09062500000000004 0.359375 0.09062500000000004
1 0.2671875 0.11875000000000002 0.09218750000000002 0.11875 0.09218750000000002 0.2375 0.2671875 0.2375
1 0.1390625 1.1768090335556599e-17 0.053125 6.505936120470313e-18 0.053125 0.07500000000000001 0.1390625 0.07500000000000002
1 0.23437500000000006 0.2515625 0.06093750000000002 0.2515625 0.06093750000000003 0.390625 0.23437500000000008 0.390625
1 0.4296875 0.28593750000000007 0.275 0.2859375 0.275 0.40625 0.4296875 0.40625
1 0.6421875 0.2984375000000001 0.4796875 0.2984375000000001 0.4796875 0.4296875 0.6421875 0.4296875
1 0.8390625 0.3500000000000001 0.690625 0.3500000000000001 0.690625 0.4718750000000001 0.8390625 0.47187500000000016
1 1 0.3734375000000001 0.8765625 0.3734375000000001 0.8765625 0.5015625000000001 1 0.5015625000000001
1 0.99375 0.5031250000000002 0.875 0.5031250000000002 0.875 0.6343750000000001 0.99375 0.6343750000000001
1 0.9375 0.6578125000000001 0.8078125 0.6578125000000001 0.8078125 0.7500000000000002 0.9375 0.7500000000000002
1 0.94375 0.7437500000000001 0.8109375 0.7437500000000001 0.8109375 0.8515625 0.94375 0.8515625
1 0.9265625 0.8796875 0.803125 0.8796875 0.803125 0.9703125 0.9265625 0.9703125
1 0.7609375000000002 0.828125 0.6281250000000002 0.828125 0.6281250000000002 0.928125 0.7609375000000002 0.928125
1 0.7609375 0.6031250000000001 0.621875 0.603125 0.621875 0.7234375000000001 0.7609375 0.7234375000000002
1 0.821875 0.4750000000000001 0.66875 0.475 0.66875 0.5953125000000001 0.821875 0.5953125000000001
1 0.59375 0.4515625 0.4265625 0.4515625 0.4265625 0.565625 0.59375 0.565625
1 0.3937500000000001 0.434375 0.21875000000000008 0.434375 0.21875000000000008 0.546875 0.3937500000000001 0.546875
1 0.18281250000000004 0.3921875 0.026562500000000044 0.3921875 0.026562500000000055 0.503125 0.18281250000000004 0.503125
1 0.15000000000000008 0.5453125 6.678152076600411e-17 0.5453125 7.347880794884119e-17 0.6546875 0.15000000000000008 0.6546875
1 0.36406250000000007 0.5546875 0.18125000000000008 0.5546875 0.18125000000000008 0.6640625 0.36406250000000007 0.6640625
1 0.5640625 0.59375 0.3828125000000001 0.59375 0.3828125000000001 0.7078125 0.5640625 0.7078125
1 0.3312500000000001 0.7625 0.1906250000000001 0.7625 0.1906250000000001 0.8625 0.3312500000000001 0.8625
1 0.1468750000000001 0.740625 0.014062500000000089 0.740625 0.014062500000000097 0.8625 0.1468750000000001 0.8625
1 0.5515625000000002 0.8125 0.39531250000000007 0.8125 0.39531250000000007 0.9234375 0.5515625000000002 0.9234375
1 0.7640625000000002 0.928125 0.6015625000000002 0.928125 0.6015625000000002 1 0.7640625000000002 1
1 0.3921875000000001 0.9046875 0.2640625000000001 0.9046875 0.2640625000000001 0.9984375 0.3921875000000001 0.9984375
1 0.17656250000000012 0.890625 0.06562500000000011 0.890625 0.06562500000000011 0.9546875 0.17656250000000012 0.9546875