1 0.425 0.02343750000000004 0.2796875 0.023437500000000035 0.2796875 0.12656250000000005 0.425 0.12656250000000005
1 0.2234375 0.054687500000000014 0.0609375 0.0546875 0.06093750000000001 0.16562500000000002 0.2234375 0.16562500000000005
1 0.309375 0.19531250000000003 0.12812500000000004 0.1953125 0.12812500000000004 0.296875 0.309375 0.296875
1 0.51875 0.18281250000000004 0.3375 0.18281250000000004 0.3375 0.27812500000000007 0.51875 0.27812500000000007
1 0.6703125 0.07343750000000007 0.4734375 0.07343750000000007 0.4734375 0.17500000000000007 0.6703125 0.1750000000000001
1 0.603125 6.46766590799696e-17 0.453125 5.5491808086364444e-17 0.453125 0.054687500000000056 0.603125 0.05468750000000007
1 0.8578125 0.03437500000000009 0.68125 0.034375000000000086 0.68125 0.1281250000000001 0.8578125 0.1281250000000001
1 0.93125 0.1640625000000001 0.7765625 0.16406250000000008 0.7765625 0.28593750000000007 0.93125 0.28593750000000007
1 0.9515625 0.2984375000000001 0.796875 0.2984375000000001 0.796875 0.42968750000000017 0.9515625 0.42968750000000017
1 0.7375 0.3125000000000001 0.6 0.3125000000000001 0.6 0.4375000000000001 0.7375 0.43750000000000017
1 0.725 0.1750000000000001 0.5515625 0.1750000000000001 0.5515625 0.2875000000000001 0.725 0.2875000000000001
1 0.534375 0.3046875000000001 0.378125 0.3046875000000001 0.37812500000000004 0.4234375 0.534375 0.4234375
1 0.31562500000000004 0.3234375 0.17031250000000003 0.3234375 0.17031250000000003 0.440625 0.3156250000000001 0.440625
1 0.12656250000000005 0.3296875 4.0375074159389303e-17 0.3296875 4.7837765591693485e-17 0.4515625 0.12656250000000005 0.4515625
1 0.12187500000000007 0.446875 5.472640383689735e-17 0.446875 6.266747292511846e-17 0.5765625 0.1218750000000001 0.5765625
1 0.3390625000000001 0.453125 0.17031250000000003 0.453125 0.17031250000000006 0.5640625 0.3390625000000001 0.5640625
1 0.36406250000000007 0.5671875 0.2250000000000001 0.5671875 0.2250000000000001 0.684375 0.36406250000000007 0.684375
1 0.17343750000000008 0.6015625 0.028125000000000077 0.6015625 0.028125000000000084 0.6984375 0.17343750000000008 0.6984375
1 0.3265625000000001 0.7875 0.1937500000000001 0.7875 0.1937500000000001 0.8875 0.3265625000000001 0.8875
1 0.5953125 0.5953125 0.4109375 0.5953125 0.4109375 0.715625 0.5953125 0.715625
1 0.571875 0.45 0.409375 0.45 0.409375 0.565625 0.571875 0.565625
1 0.7671875 0.45781250000000007 0.615625 0.4578125 0.615625 0.5750000000000001 0.7671875 0.5750000000000002
1 0.9765625 0.4343750000000002 0.815625 0.4343750000000002 0.815625 0.5671875000000002 0.9765625 0.5671875000000002
1 0.9765625 0.6015625000000002 0.8203125 0.6015625000000002 0.8203125 0.7140625000000002 0.9765625 0.7140625000000002
1 0.784375 0.5921875000000001 0.6203125 0.5921875 0.6203125 0.690625 0.784375 0.6906250000000002
1 0.7671875000000001 0.7812500000000001 0.6328125000000002 0.78125 0.6328125000000002 0.89375 0.7671875000000001 0.89375
1 0.9515625 0.7796875000000002 0.8234375 0.7796875000000002 0.8234375 0.9171875 0.9515625 0.9171875
1 0.5625000000000002 0.8015625 0.4046875000000002 0.8015625 0.4046875000000002 0.915625 0.5625000000000002 0.915625
1 0.3437500000000001 0.9078125 0.17031250000000014 0.9078125 0.17031250000000014 0.9921875 0.3437500000000001 0.9921875
1 0.14687500000000012 0.8203125 0.0171875000000001 0.8203125 0.017187500000000105 0.9234375 0.14687500000000014 0.9234375
1 0.17187500000000008 0.7078125 0.01250000000000009 0.7078125 0.012500000000000094 0.8140625 0.17187500000000008 0.8140625
1 0.6890625000000001 0.903125 0.5671875000000002 0.903125 0.5671875000000002 0.9984375 0.6890625000000001 0.9984375