1 0.496875 0.16718750000000004 0.4671875 0.16718750000000004 0.4671875 0.19687500000000005 0.496875 0.19687500000000005
1 0.4890625 0.2015625000000001 0.45625 0.2015625000000001 0.45625 0.22812500000000008 0.4890625 0.22812500000000008
1 0.6859375 0.2000000000000001 0.615625 0.2000000000000001 0.615625 0.2515625000000001 0.6859375 0.2515625000000001
1 0.8203125 0.3609375000000001 0.7359375 0.3609375000000001 0.7359375 0.42187500000000017 0.8203125 0.42187500000000017
1 0.575 0.425 0.5 0.425 0.5 0.478125 0.575 0.478125
1 0.32656250000000003 0.3296875 0.28125 0.3296875 0.28125000000000006 0.3703125 0.3265625000000001 0.3703125
1 0.19843750000000004 0.4359375 0.12031250000000004 0.4359375 0.12031250000000004 0.496875 0.19843750000000004 0.496875
1 0.6109375 0.5203125 0.5765625 0.5203125 0.5765625 0.55625 0.6109375 0.55625
1 0.6375 0.55 0.5953125 0.55 0.5953125 0.5890625 0.6375 0.5890625
1 0.475 0.6203125 0.4421875 0.6203125 0.4421875 0.65 0.475 0.65
1 0.6875 0.6703125 0.6296875 0.6703125 0.6296875 0.7078125 0.6875 0.7078125
1 0.4812500000000002 0.9109375 0.4125000000000002 0.9109375 0.4125000000000002 0.9671875 0.4812500000000002 0.9671875