1 0.4765625 0.05625000000000004 0.2640625 0.05625000000000002 0.2640625 0.18125000000000005 0.4765625 0.18125000000000005
1 0.4984375 0.17187500000000006 0.2734375 0.17187500000000006 0.2734375 0.31250000000000006 0.4984375 0.3125000000000001
1 0.36250000000000004 0.3140625 0.15781250000000005 0.3140625 0.15781250000000005 0.45625 0.3625000000000001 0.45625
1 0.2515625000000001 0.4515625 5.5300457023997667e-17 0.4515625 6.764260054665459e-17 0.653125 0.2515625000000001 0.653125
1 0.609375 0.5546875 0.5125 0.5546875 0.5125 0.6328125 0.609375 0.6328125
1 0.6093750000000001 0.678125 0.48125 0.678125 0.48125000000000007 0.8 0.6093750000000002 0.8
1 0.6750000000000002 0.78125 0.46093750000000017 0.78125 0.46093750000000017 0.9609375 0.6750000000000002 0.9609375
1 0.7546875000000002 0.7656250000000001 0.6640625000000002 0.765625 0.6640625000000002 0.8828125 0.7546875000000002 0.8828125
1 0.815625 0.6828125 0.68125 0.6828125 0.6812500000000001 0.8203125 0.815625 0.8203125
1 0.8234375 0.5312500000000001 0.7 0.53125 0.7 0.6484375000000001 0.8234375 0.6484375000000002
1 0.8515625 0.4062500000000001 0.69375 0.40625 0.69375 0.5312500000000001 0.8515625 0.5312500000000002
1 0.934375 0.2828125000000001 0.8046875 0.2828125000000001 0.8046875 0.3656250000000001 0.934375 0.3656250000000001