1 0.3828125 3.731345716152092e-17 0.2265625 2.7745904043182222e-17 0.2265625 0.08437500000000003 0.3828125 0.08437500000000005
1 0.175 0.039062500000000014 0.05625 0.039062500000000014 0.05625000000000001 0.153125 0.175 0.153125
1 0.18906250000000002 0.15937500000000002 0.02343750000000002 0.159375 0.023437500000000028 0.278125 0.18906250000000005 0.278125
1 0.19375000000000003 0.259375 0.012500000000000034 0.259375 0.012500000000000039 0.359375 0.19375000000000003 0.359375
1 0.12968750000000004 0.3875 0.007812500000000047 0.3875 0.007812500000000054 0.5015625 0.12968750000000004 0.5015625
1 0.3921875 0.29531250000000003 0.240625 0.2953125 0.24062500000000003 0.4046875 0.3921875000000001 0.4046875
1 0.3453125000000001 0.4046875 0.19843750000000004 0.4046875 0.19843750000000004 0.534375 0.3453125000000001 0.534375
1 0.3125000000000001 0.5328125 0.16250000000000003 0.5328125 0.16250000000000006 0.6625 0.3125000000000001 0.6625
1 0.11562500000000006 0.50625 6.199774420683476e-17 0.50625 7.089556860688975e-17 0.6515625 0.11562500000000009 0.6515625
1 0.05625000000000009 0.646875 7.921933981984441e-17 0.646875 8.51512227532144e-17 0.74375 0.05625000000000009 0.74375
1 0.20312500000000008 0.7796875 0.0359375000000001 0.7796875 0.03593750000000011 0.8984375 0.20312500000000008 0.8984375
1 0.2968750000000001 0.66875 0.1312500000000001 0.66875 0.1312500000000001 0.7921875 0.2968750000000001 0.7921875
1 0.4828125000000001 0.696875 0.32500000000000007 0.696875 0.32500000000000007 0.8375 0.4828125000000002 0.8375
1 0.5296875 0.571875 0.35625000000000007 0.571875 0.35625000000000007 0.703125 0.5296875 0.703125
1 0.5890625 0.434375 0.4171875 0.434375 0.4171875 0.5546875 0.5890625 0.5546875
1 0.5984375 0.2968750000000001 0.44375 0.2968750000000001 0.44375 0.3984375000000001 0.5984375 0.3984375000000001
1 0.371875 0.23281250000000003 0.23125 0.2328125 0.23125 0.29218750000000004 0.371875 0.2921875000000001
1 0.3734375 0.10156250000000004 0.21875 0.10156250000000004 0.21875 0.19531250000000006 0.3734375 0.19531250000000006
1 0.5703125 5.989288252080024e-17 0.4078125 4.9942627277728e-17 0.4078125 0.04062500000000006 0.5703125 0.040625000000000064
1 0.7390625 0.020312500000000084 0.61875 0.020312500000000077 0.61875 0.10156250000000008 0.7390625 0.10156250000000008
1 0.5828125 0.08281250000000005 0.4234375 0.08281250000000004 0.4234375 0.18437500000000007 0.5828125 0.1843750000000001
1 0.7984375 0.1296875000000001 0.6484375 0.1296875000000001 0.6484375 0.2531250000000001 0.7984375 0.2531250000000001
1 0.9921875 0.13906250000000012 0.8546875 0.1390625000000001 0.8546875 0.2609375000000001 0.9921875 0.2609375000000001
1 0.9953125 0.2812500000000001 0.8515625 0.2812500000000001 0.8515625 0.4500000000000002 0.9953125 0.4500000000000002
1 0.7984375 0.2890625000000001 0.6328125 0.2890625000000001 0.6328125 0.4515625000000001 0.7984375 0.4515625000000002
1 0.784375 0.4468750000000001 0.6171875 0.446875 0.6171875 0.5703125000000001 0.784375 0.5703125000000002
1 0.9734375 0.4781250000000002 0.8203125 0.4781250000000002 0.8203125 0.6062500000000002 0.9734375 0.6062500000000002
1 0.94375 0.6093750000000002 0.8 0.6093750000000002 0.8 0.7437500000000001 0.94375 0.7437500000000001
1 0.7328125 0.6062500000000001 0.584375 0.60625 0.584375 0.7171875000000001 0.7328125 0.7171875000000002
1 0.7156250000000002 0.7265625 0.5437500000000002 0.7265625 0.5437500000000002 0.8421875 0.7156250000000002 0.8421875
1 0.6437500000000002 0.825 0.45312500000000017 0.825 0.45312500000000017 0.94375 0.6437500000000002 0.94375
1 0.9171875 0.7437500000000001 0.7609375000000002 0.7437500000000001 0.7609375000000002 0.859375 0.9171875 0.859375
1 0.8234375 0.8765625 0.6703125000000002 0.8765625 0.6703125000000002 0.9984375 0.8234375 0.9984375
1 0.4031250000000002 0.853125 0.2390625000000001 0.853125 0.2390625000000001 0.98125 0.4031250000000002 0.98125
1 0.5500000000000002 0.9359375 0.41718750000000016 0.9359375 0.41718750000000016 1 0.5500000000000002 1