1 0.5828125 0.11406250000000007 0.521875 0.11406250000000004 0.521875 0.19218750000000007 0.5828125 0.1921875000000001
1 0.6859375 0.2828125000000001 0.65 0.2828125000000001 0.65 0.32500000000000007 0.6859375 0.32500000000000007
1 0.8125 0.4703125000000002 0.7765625 0.4703125000000002 0.7765625 0.5015625000000001 0.8125 0.5015625000000001
1 0.8421875 0.4859375000000002 0.81875 0.4859375000000002 0.81875 0.5140625000000002 0.8421875 0.5140625000000002
1 0.9875 0.2640625000000001 0.9609375 0.2640625000000001 0.9609375 0.3031250000000001 0.9875 0.3031250000000001
1 0.5765625 0.4921875 0.528125 0.4921875 0.528125 0.578125 0.5765625 0.578125
1 0.8 0.6234375000000002 0.740625 0.6234375000000002 0.740625 0.7046875000000001 0.8 0.7046875000000001
1 0.6234375000000002 0.75 0.5671875000000002 0.75 0.5671875000000002 0.8265625 0.6234375000000002 0.8265625
1 0.46875 0.575 0.45 0.575 0.45 0.6109375 0.46875 0.6109375
1 0.44375 0.5953125 0.4125 0.5953125 0.4125 0.6375 0.44375 0.6375
1 0.3781250000000001 0.428125 0.3578125000000001 0.428125 0.3578125000000001 0.4703125 0.3781250000000001 0.4703125
1 0.3281250000000001 0.6109375 0.2765625000000001 0.6109375 0.2765625000000001 0.6734375 0.3281250000000001 0.6734375
1 0.10000000000000005 0.3703125 0.043750000000000046 0.3703125 0.04375000000000005 0.4578125 0.10000000000000005 0.4578125