1 0.9140625 0.27031250000000007 0.7796875 0.27031250000000007 0.7796875 0.44062500000000016 0.9140625 0.44062500000000016
1 0.78125 0.32500000000000007 0.684375 0.32500000000000007 0.684375 0.4609375000000001 0.78125 0.46093750000000017
1 0.6234375 0.3734375000000001 0.5390625 0.3734375000000001 0.5390625 0.4796875 0.6234375 0.4796875
1 0.7375000000000002 0.7343750000000001 0.5500000000000002 0.734375 0.5500000000000002 0.990625 0.7375000000000002 0.990625
1 0.5078125000000001 0.6484375 0.38750000000000007 0.6484375 0.38750000000000007 0.865625 0.5078125000000002 0.865625
1 0.34843750000000007 0.5484375 0.2234375000000001 0.5484375 0.2234375000000001 0.8078125 0.34843750000000007 0.8078125
1 0.20312500000000008 0.6171875 0.11875000000000009 0.6171875 0.11875000000000009 0.84375 0.20312500000000008 0.84375
1 0.2671875 0.13281250000000006 0.2046875 0.13281250000000006 0.2046875 0.2515625 0.2671875 0.2515625
1 0.4546875 0.17187500000000006 0.3703125 0.17187500000000006 0.3703125 0.32500000000000007 0.4546875 0.32500000000000007
1 0.559375 0.18906250000000008 0.49375 0.18906250000000005 0.49375 0.2843750000000001 0.559375 0.2843750000000001
1 0.7265625 0.1281250000000001 0.6359375 0.1281250000000001 0.6359375 0.2718750000000001 0.7265625 0.2718750000000001
1 0.8140625 0.15000000000000008 0.7375 0.15000000000000008 0.7375 0.2718750000000001 0.8140625 0.2718750000000001
1 1 0.020312500000000115 0.9078125 0.02031250000000011 0.9078125 0.19531250000000014 1 0.19531250000000014
1 0.871875 1.0275552049095762e-16 0.80625 9.873714818125535e-17 0.80625 0.0609375000000001 0.871875 0.06093750000000011
1 0.596875 6.926908457677216e-17 0.534375 6.544206332943669e-17 0.534375 0.04843750000000007 0.596875 0.04843750000000008
1 0.284375 0.021875000000000033 0.2546875 0.021875000000000033 0.2546875 0.05937500000000003 0.284375 0.059375000000000046