1 0.4328125 0.020312500000000046 0.265625 0.020312500000000032 0.265625 0.275 0.4328125 0.2750000000000001
1 0.5984375 0.14062500000000006 0.490625 0.14062500000000006 0.490625 0.3515625000000001 0.5984375 0.3515625000000001
1 0.78125 0.19687500000000008 0.646875 0.19687500000000008 0.646875 0.4437500000000001 0.78125 0.4437500000000002
1 0.8796875 0.15000000000000008 0.7890625 0.15000000000000008 0.7890625 0.3703125000000001 0.8796875 0.3703125000000001
1 0.80625 0.7500000000000002 0.7484375000000002 0.7500000000000002 0.7484375000000002 0.859375 0.80625 0.859375
1 0.64375 0.6609375 0.5640625 0.6609375 0.5640625000000001 0.8203125 0.6437500000000002 0.8203125
1 0.4515625 0.5203125 0.3828125000000001 0.5203125 0.3828125000000001 0.6421875 0.4515625 0.6421875
1 0.5328125000000001 0.6953125 0.453125 0.6953125 0.4531250000000001 0.8140625 0.5328125000000001 0.8140625
1 0.33281250000000007 0.5546875 0.22812500000000008 0.5546875 0.22812500000000008 0.6875 0.33281250000000007 0.6875
1 0.2296875000000001 0.56875 0.08593750000000007 0.56875 0.08593750000000008 0.7578125 0.2296875000000001 0.7578125
1 0.29375000000000007 0.7359375 0.18906250000000008 0.7359375 0.18906250000000008 0.8671875 0.29375000000000007 0.8671875
1 0.3937500000000001 0.7359375 0.29375000000000007 0.7359375 0.29375000000000007 0.878125 0.3937500000000001 0.878125
1 0.1328125000000001 0.8453125 0.0312500000000001 0.8453125 0.03125000000000011 1 0.13281250000000014 1
1 0.5140625000000002 0.95 0.4125000000000002 0.95 0.4125000000000002 1 0.5140625000000002 1
1 0.7875000000000002 0.9234375 0.7312500000000002 0.9234375 0.7312500000000002 0.9734375 0.7875000000000002 0.9734375