1 0.5734375 0.18906250000000008 0.45625 0.18906250000000005 0.45625 0.3546875000000001 0.5734375 0.3546875000000001
1 0.6890625 0.19531250000000008 0.5765625 0.19531250000000008 0.5765625 0.3265625000000001 0.6890625 0.3265625000000001
1 0.56875 0.007812500000000064 0.4671875 0.007812500000000059 0.4671875 0.12812500000000007 0.56875 0.1281250000000001
1 0.69375 0.00937500000000008 0.59375 0.009375000000000073 0.59375 0.1468750000000001 0.69375 0.1468750000000001
1 0.8296875 0.017187500000000095 0.725 0.017187500000000088 0.725 0.11875000000000009 0.8296875 0.11875000000000009
1 0.821875 0.1765625000000001 0.7265625 0.1765625000000001 0.7265625 0.3296875000000001 0.821875 0.3296875000000001
1 0.9515625 0.11406250000000011 0.8484375 0.1140625000000001 0.8484375 0.25468750000000007 0.9515625 0.25468750000000007
1 0.9078125 1.0629551514474291e-16 0.828125 1.0141606305439018e-16 0.828125 0.0875000000000001 0.9078125 0.0875000000000001
1 0.4375 0.014062500000000047 0.3296875 0.014062500000000039 0.3296875 0.15312500000000004 0.4375 0.15312500000000004
1 0.321875 3.4538866757202695e-17 0.2421875 2.9659414666849956e-17 0.2421875 0.15468750000000003 0.321875 0.15468750000000003
1 0.209375 2.076159026679497e-17 0.1296875 1.5882138176442238e-17 0.1296875 0.09062500000000002 0.209375 0.09062500000000002
1 0.06875 4.496749965619188e-18 0.0046875 5.740531871003218e-19 0.004687500000000004 0.0625 0.06875 0.0625
1 0.11250000000000002 0.1375 0.042187500000000024 0.1375 0.04218750000000003 0.2953125 0.11250000000000004 0.2953125
1 0.2265625 0.16718750000000002 0.14375 0.1671875 0.14375000000000002 0.3109375 0.2265625 0.3109375
1 0.2000000000000001 0.3796875 0.08125000000000004 0.3796875 0.08125000000000006 0.5296875 0.2000000000000001 0.5296875
1 0.06406250000000008 0.525 6.429395695523604e-17 0.525 7.108691966925652e-17 0.6359375 0.06406250000000009 0.6359375
1 0.2843750000000001 0.3875 0.2328125000000001 0.3875 0.2328125000000001 0.559375 0.2843750000000001 0.559375
1 0.4015625 0.41875 0.3109375000000001 0.41875 0.3109375000000001 0.575 0.4015625 0.575
1 0.4046875000000001 0.6125 0.27812500000000007 0.6125 0.27812500000000007 0.7625 0.4046875000000002 0.7625
1 0.2140625000000001 0.609375 0.09531250000000006 0.609375 0.09531250000000008 0.7390625 0.2140625000000001 0.7390625
1 0.16406250000000008 0.8078125 0.06093750000000009 0.8078125 0.0609375000000001 0.90625 0.16406250000000008 0.90625
1 0.3531250000000001 0.8125 0.2468750000000001 0.8125 0.2468750000000001 0.978125 0.3531250000000001 0.978125
1 0.5234375000000002 0.8203125 0.42500000000000016 0.8203125 0.42500000000000016 0.9921875 0.5234375000000002 0.9921875
1 0.6625000000000002 0.8125 0.5343750000000002 0.8125 0.5343750000000002 0.975 0.6625000000000002 0.975
1 0.6812500000000001 0.6140625 0.565625 0.6140625 0.565625 0.75625 0.6812500000000001 0.75625
1 0.7015625 0.3859375000000001 0.5890625 0.3859375000000001 0.5890625 0.5453125 0.7015625 0.5453125
1 0.546875 0.415625 0.4390625 0.415625 0.4390625 0.584375 0.546875 0.584375
1 0.51875 0.6109375 0.4296875 0.6109375 0.4296875000000001 0.778125 0.5187500000000002 0.778125
1 0.8 0.5859375000000001 0.70625 0.5859375 0.70625 0.7593750000000001 0.8 0.7593750000000001
1 0.8296875 0.3828125000000001 0.725 0.3828125000000001 0.725 0.5515625000000001 0.8296875 0.5515625000000002
1 0.9921875 0.3234375000000001 0.8703125 0.3234375000000001 0.8703125 0.4703125000000002 0.9921875 0.4703125000000002
1 0.9296875 0.5125000000000002 0.8171875 0.5125000000000002 0.8171875 0.7078125000000002 0.9296875 0.7078125000000002
1 0.9484375 0.7296875000000002 0.8578125 0.7296875000000002 0.8578125 0.890625 0.9484375 0.890625
1 0.8046875 0.7812500000000001 0.6968750000000001 0.78125 0.6968750000000001 0.9578125 0.8046875 0.9578125
1 1 0.4906250000000002 0.95 0.4906250000000002 0.95 0.6437500000000002 1 0.6437500000000002