1 0.5359375 0.17968750000000006 0.409375 0.17968750000000006 0.409375 0.2843750000000001 0.5359375 0.2843750000000001
1 0.2453125000000001 0.7640625 0.09687500000000009 0.7640625 0.0968750000000001 0.8328125 0.2453125000000001 0.8328125
1 0.4859375000000001 0.7 0.3156250000000001 0.7 0.3156250000000001 0.7796875 0.4859375000000002 0.7796875
1 0.846875 0.2687500000000001 0.7890625 0.2687500000000001 0.7890625 0.3531250000000001 0.846875 0.3531250000000001
1 0.778125 0.27031250000000007 0.7453125 0.27031250000000007 0.7453125 0.3359375000000001 0.778125 0.3359375000000001
1 0.73125 0.2234375000000001 0.6984375 0.2234375000000001 0.6984375 0.2812500000000001 0.73125 0.2812500000000001
1 0.675 0.2515625000000001 0.659375 0.2515625000000001 0.659375 0.2968750000000001 0.675 0.2968750000000001
1 0.5875 0.15000000000000008 0.528125 0.15000000000000005 0.528125 0.22031250000000008 0.5875 0.22031250000000008
1 0.3265625 0.09531250000000004 0.25 0.09531250000000002 0.25 0.14843750000000006 0.3265625 0.14843750000000006
1 0.353125 0.012500000000000039 0.271875 0.012500000000000034 0.271875 0.11093750000000005 0.353125 0.11093750000000005
1 0.9 0.2906250000000001 0.8703125 0.2906250000000001 0.8703125 0.3390625000000001 0.9 0.3390625000000001