2 0.2406250000000001 0.434375 0.18906250000000005 0.434375 0.18906250000000008 0.6671875 0.2406250000000001 0.6671875
2 0.12187500000000007 0.496875 0.06406250000000006 0.496875 0.06406250000000006 0.578125 0.1218750000000001 0.578125
2 0.159375 0.07656250000000002 0.134375 0.07656250000000002 0.134375 0.1203125 0.159375 0.1203125
2 0.8 0.3921875000000001 0.753125 0.3921875000000001 0.753125 0.47656250000000017 0.8 0.47656250000000017
2 0.9984375 0.3828125000000001 0.9484375 0.3828125000000001 0.9484375 0.5609375000000002 0.9984375 0.5609375000000002
2 0.8984375 0.5984375000000002 0.8671875 0.5984375000000002 0.8671875 0.6562500000000002 0.8984375 0.6562500000000002
2 0.75625 0.5828125000000001 0.721875 0.5828125 0.721875 0.6640625000000001 0.75625 0.6640625000000002
2 0.759375 0.5078125000000001 0.721875 0.5078125 0.721875 0.5531250000000001 0.759375 0.5531250000000002
2 0.46875 0.14218750000000005 0.44375 0.14218750000000005 0.44375 0.19843750000000004 0.46875 0.19843750000000004
2 0.39531250000000007 0.728125 0.3515625000000001 0.728125 0.3515625000000001 0.7953125 0.39531250000000007 0.7953125
2 0.17812500000000003 0.2203125 0.13593750000000004 0.2203125 0.13593750000000004 0.271875 0.17812500000000003 0.271875
2 0.6859375 0.03593750000000008 0.6515625 0.03593750000000008 0.6515625 0.07343750000000009 0.6859375 0.07343750000000009
2 0.0765625 0.028125000000000004 0.04375 0.028125 0.043750000000000004 0.0828125 0.0765625 0.0828125
2 0.05468750000000004 0.2859375 0.025000000000000033 0.2859375 0.02500000000000004 0.353125 0.05468750000000004 0.353125
2 0.05156250000000005 0.3515625 0.010937500000000044 0.3515625 0.010937500000000053 0.4984375 0.05156250000000007 0.4984375
2 0.0625000000000001 0.7765625 0.020312500000000094 0.7765625 0.0203125000000001 0.8703125 0.06250000000000011 0.8703125
2 0.2671875000000001 0.734375 0.2406250000000001 0.734375 0.2406250000000001 0.7953125 0.2671875000000001 0.7953125
2 0.3828125000000001 0.8296875 0.3593750000000001 0.8296875 0.3593750000000001 0.8890625 0.3828125000000001 0.8890625
2 0.39531250000000007 0.8953125 0.3734375000000001 0.8953125 0.3734375000000001 0.9859375 0.39531250000000007 0.9859375