2 0.26875000000000004 0.3375 0.2296875 0.3375 0.22968750000000004 0.415625 0.2687500000000001 0.415625
2 0.07500000000000004 0.2734375 0.017187500000000033 0.2734375 0.017187500000000043 0.4515625 0.07500000000000004 0.4515625
2 0.10625000000000007 0.5015625 0.08906250000000007 0.5015625 0.08906250000000007 0.5703125 0.1062500000000001 0.5703125
2 0.2578125000000001 0.5390625 0.2140625000000001 0.5390625 0.2140625000000001 0.609375 0.2578125000000001 0.609375
2 0.9484375 0.17343750000000013 0.9203125 0.17343750000000013 0.9203125 0.2093750000000001 0.9484375 0.2093750000000001
2 0.9875 0.46406250000000016 0.95 0.46406250000000016 0.95 0.6093750000000002 0.9875 0.6093750000000002
2 0.81875 0.4984375000000002 0.7296875 0.4984375000000002 0.7296875 0.7296875000000002 0.81875 0.7296875000000002
2 0.6296875 0.1687500000000001 0.6015625 0.1687500000000001 0.6015625 0.2093750000000001 0.6296875 0.2093750000000001
2 0.9171875 0.1406250000000001 0.871875 0.14062500000000008 0.871875 0.17031250000000012 0.9171875 0.17031250000000014
2 0.4546875 0.009375000000000053 0.4171875 0.00937500000000005 0.4171875 0.04218750000000006 0.4546875 0.04218750000000006
2 0.5875000000000001 0.7421875 0.5296875000000002 0.7421875 0.5296875000000002 0.815625 0.5875000000000001 0.815625
2 0.7046875000000001 0.784375 0.6671875000000002 0.784375 0.6671875000000002 0.853125 0.7046875000000001 0.853125