2 0.6125 0.17968750000000006 0.384375 0.17968750000000006 0.384375 0.2578125000000001 0.6125 0.2578125000000001
2 0.7734375 0.3156250000000001 0.703125 0.3156250000000001 0.703125 0.3578125000000001 0.7734375 0.3578125000000001
2 0.5218750000000002 0.7640625 0.4390625000000002 0.7640625 0.4390625000000002 0.8203125 0.5218750000000002 0.8203125
2 0.6390625000000002 0.94375 0.4859375000000002 0.94375 0.4859375000000002 1 0.6390625000000002 1
2 0.7265625000000002 0.8375 0.6531250000000002 0.8375 0.6531250000000002 0.8765625 0.7265625000000002 0.8765625
2 0.19375000000000003 0.5046875 0.13906250000000003 0.5046875 0.13906250000000003 0.534375 0.19375000000000003 0.534375
2 0.5140625 0.05625000000000006 0.421875 0.05625000000000004 0.421875 0.12500000000000006 0.5140625 0.12500000000000006
2 0.4140625 0.029687500000000044 0.26875 0.029687500000000033 0.26875 0.08437500000000003 0.4140625 0.08437500000000005
2 0.2765625 0.06406250000000004 0.2078125 0.06406250000000002 0.2078125 0.10312500000000005 0.2765625 0.10312500000000005
2 0.2109375 0.18593750000000003 0.17656250000000004 0.1859375 0.17656250000000004 0.228125 0.2109375 0.228125
2 0.203125 0.3015625 0.15781250000000005 0.3015625 0.15781250000000005 0.3171875 0.203125 0.3171875