0 0.440625 0.3609375 0.16718750000000004 0.3609375 0.16718750000000004 0.4359375 0.440625 0.4359375
0 0.5312500000000001 0.4203125 0.440625 0.4203125 0.4406250000000001 0.865625 0.5312500000000002 0.865625
0 0.50625 0.09062500000000005 0.3515625 0.09062500000000004 0.35156250000000006 0.4 0.50625 0.4
0 0.6546875 0.3656250000000001 0.5015625 0.3656250000000001 0.5015625 0.4171875 0.6546875 0.4171875
0 0.5109375 0.3921875000000001 0.4375 0.3921875000000001 0.4375 0.4359375 0.5109375 0.4359375
0 0.9046875 0.21093750000000008 0.7359375 0.21093750000000008 0.7359375 0.42187500000000017 0.9046875 0.42187500000000017
0 0.865625 0.4078125000000001 0.7203125 0.4078125 0.7203125 0.5843750000000001 0.865625 0.5843750000000002
0 0.725 0.38750000000000007 0.6296875 0.38750000000000007 0.6296875 0.4234375 0.725 0.4234375
0 0.7 0.4 0.55 0.4 0.55 0.4796875 0.7 0.4796875
0 0.5890625 0.09062500000000005 0.453125 0.09062500000000004 0.453125 0.17656250000000007 0.5890625 0.1765625000000001
0 0.628125 0.056250000000000064 0.5578125 0.056250000000000064 0.5578125 0.08906250000000007 0.628125 0.08906250000000007
0 0.6796875 0.10937500000000008 0.6359375 0.10937500000000008 0.6359375 0.3765625000000001 0.6796875 0.3765625000000001
0 0.59375 0.19218750000000007 0.5328125 0.19218750000000004 0.5328125 0.25468750000000007 0.59375 0.25468750000000007