0 0.590625 0.14687500000000006 0.4796875 0.14687500000000003 0.4796875 0.3750000000000001 0.590625 0.3750000000000001
0 0.5734375 0.3765625000000001 0.3968750000000001 0.3765625000000001 0.3968750000000001 0.50625 0.5734375 0.50625
0 0.39531250000000007 0.503125 0.22812500000000008 0.503125 0.22812500000000008 0.5984375 0.39531250000000007 0.5984375
0 0.2296875000000001 0.5953125 0.04843750000000008 0.5953125 0.04843750000000008 0.6625 0.2296875000000001 0.6625
0 0.6046875 0.4296875 0.5578125 0.4296875 0.5578125 0.4765625 0.6046875 0.4765625
0 0.7328125 0.2875000000000001 0.60625 0.2875000000000001 0.60625 0.4640625000000001 0.7328125 0.46406250000000016
0 0.8703125 0.23593750000000008 0.721875 0.23593750000000008 0.721875 0.29375000000000007 0.8703125 0.29375000000000007
0 0.6328125 0.4515625 0.590625 0.4515625 0.590625 0.565625 0.6328125 0.565625
0 0.675 0.54375 0.6265625 0.54375 0.6265625 0.5984375 0.675 0.5984375
0 0.653125 0.58125 0.63125 0.58125 0.63125 0.6953125 0.653125 0.6953125
0 0.6500000000000001 0.6859375 0.5921875 0.6859375 0.5921875000000001 0.7390625 0.6500000000000001 0.7390625
0 0.6234375000000001 0.715625 0.584375 0.715625 0.5843750000000001 0.821875 0.6234375000000002 0.821875
0 0.5906250000000002 0.8078125 0.5093750000000001 0.8078125 0.5093750000000001 0.884375 0.5906250000000002 0.884375
0 0.7281250000000001 0.7000000000000001 0.6484375 0.7 0.6484375000000001 0.7671875000000001 0.7281250000000001 0.7671875000000001
0 0.8953125 0.7593750000000001 0.7250000000000002 0.759375 0.7250000000000002 0.8046875 0.8953125 0.8046875
0 0.9125 0.35625000000000007 0.790625 0.35625000000000007 0.790625 0.4578125000000002 0.9125 0.4578125000000002
0 0.96875 0.4390625000000002 0.9203125 0.4390625000000002 0.9203125 0.5000000000000002 0.96875 0.5000000000000002
0 0.76875 0.44531250000000017 0.746875 0.44531250000000017 0.746875 0.5359375000000002 0.76875 0.5359375000000002