0 0.490625 0.14843750000000006 0.4 0.14843750000000006 0.4 0.3734375000000001 0.490625 0.3734375000000001
0 0.465625 0.37968750000000007 0.41875 0.37968750000000007 0.41875 0.4453125 0.465625 0.4453125
0 0.4546875 0.4203125 0.3781250000000001 0.4203125 0.3781250000000001 0.496875 0.4546875 0.496875
0 0.384375 0.28750000000000003 0.14531250000000004 0.2875 0.14531250000000004 0.440625 0.3843750000000001 0.440625
0 0.18593750000000003 0.3890625 0.09375000000000004 0.3890625 0.09375000000000006 0.4828125 0.18593750000000003 0.4828125
0 0.08281250000000007 0.478125 0.03281250000000006 0.478125 0.032812500000000064 0.55 0.08281250000000007 0.55
0 0.32500000000000007 0.603125 0.08437500000000006 0.603125 0.08437500000000007 0.6359375 0.32500000000000007 0.6359375
0 0.4015625 0.55625 0.3265625000000001 0.55625 0.3265625000000001 0.63125 0.4015625 0.63125
0 0.4078125 0.4734375 0.39531250000000007 0.4734375 0.39531250000000007 0.5484375 0.4078125 0.5484375
0 0.471875 0.5453125 0.403125 0.5453125 0.403125 0.64375 0.471875 0.64375
0 0.428125 0.63125 0.3843750000000001 0.63125 0.3843750000000001 0.66875 0.428125 0.66875
0 0.3859375000000001 0.6296875 0.3687500000000001 0.6296875 0.3687500000000001 0.7109375 0.3859375000000001 0.7109375
0 0.3937500000000001 0.703125 0.3453125000000001 0.703125 0.3453125000000001 0.7703125 0.3937500000000001 0.7703125
0 0.3515625000000001 0.759375 0.2718750000000001 0.759375 0.2718750000000001 0.8078125 0.3515625000000001 0.8078125
0 0.2921875000000001 0.796875 0.1703125000000001 0.796875 0.1703125000000001 0.834375 0.2921875000000001 0.834375
0 0.4281250000000001 0.7125 0.3937500000000001 0.7125 0.3937500000000001 0.759375 0.4281250000000002 0.759375
0 0.4859375000000002 0.7703125 0.4203125000000002 0.7703125 0.4203125000000002 0.8390625 0.4859375000000002 0.8390625
0 0.553125 0.4421875 0.4671875 0.4421875 0.4671875 0.4828125 0.553125 0.4828125
0 0.6484375 0.478125 0.54375 0.478125 0.54375 0.5078125 0.6484375 0.5078125
0 0.765625 0.4984375000000001 0.63125 0.4984375 0.63125 0.5562500000000001 0.765625 0.5562500000000001
0 0.971875 0.5562500000000001 0.7546875 0.5562500000000001 0.7546875 0.6078125000000002 0.971875 0.6078125000000002