0 0.6359375 0.04062500000000007 0.540625 0.040625000000000064 0.540625 0.2984375000000001 0.6359375 0.2984375000000001
0 0.55 0.2812500000000001 0.43125 0.2812500000000001 0.43125 0.5625 0.55 0.5625
0 0.4359375 0.559375 0.3546875000000001 0.559375 0.3546875000000001 0.5875 0.4359375 0.5875
0 0.3859375000000001 0.575 0.2687500000000001 0.575 0.2687500000000001 0.5953125 0.3859375000000001 0.5953125
0 0.2750000000000001 0.5046875 0.14687500000000003 0.5046875 0.14687500000000006 0.5765625 0.2750000000000001 0.5765625
0 0.4828125 0.55625 0.4296875 0.55625 0.4296875 0.603125 0.4828125 0.603125
0 0.48125 0.6015625 0.3703125000000001 0.6015625 0.3703125000000001 0.6703125 0.48125 0.6703125
0 0.3703125000000001 0.665625 0.2671875000000001 0.665625 0.2671875000000001 0.8703125 0.3703125000000001 0.8703125
0 0.4828125000000002 0.8015625 0.37968750000000007 0.8015625 0.37968750000000007 0.915625 0.4828125000000002 0.915625
0 0.5187500000000002 0.91875 0.44843750000000016 0.91875 0.44843750000000016 0.9609375 0.5187500000000002 0.9609375
0 0.6156250000000001 0.721875 0.5859375 0.721875 0.5859375000000001 0.915625 0.6156250000000002 0.915625
0 0.6171875 0.6109375 0.5421875 0.6109375 0.5421875 0.6765625 0.6171875 0.6765625
0 0.559375 0.59375 0.46875 0.59375 0.46875 0.61875 0.559375 0.61875
0 0.66875 0.5734375 0.5921875 0.5734375 0.5921875 0.61875 0.66875 0.61875
0 0.6109375 0.5390625 0.5421875 0.5390625 0.5421875 0.5953125 0.6109375 0.5953125
0 0.7109375 0.6234375 0.6078125 0.6234375 0.6078125 0.646875 0.7109375 0.646875
0 0.7390625 0.5796875000000001 0.6875 0.5796875 0.6875 0.64375 0.7390625 0.6437500000000002
0 0.7781250000000001 0.6531250000000002 0.7421875 0.6531250000000002 0.7421875000000001 0.7515625000000001 0.7781250000000002 0.7515625000000001
0 0.76875 0.6406250000000001 0.709375 0.640625 0.709375 0.6656250000000001 0.76875 0.6656250000000001
0 0.8125 0.7140625000000002 0.7640625 0.7140625000000002 0.7640625000000001 0.840625 0.8125 0.840625
0 0.83125 0.8328125 0.8078125 0.8328125 0.8078125 0.890625 0.83125 0.890625
0 0.8484375 0.5375000000000002 0.7328125 0.5375000000000002 0.7328125 0.6093750000000002 0.8484375 0.6093750000000002
0 0.8828125 0.4781250000000002 0.834375 0.4781250000000002 0.834375 0.5421875000000002 0.8828125 0.5421875000000002