0 0.959375 0.2812500000000001 0.678125 0.2812500000000001 0.678125 0.3531250000000001 0.959375 0.3531250000000001
0 0.69375 0.3359375000000001 0.6546875 0.3359375000000001 0.6546875 0.44375 0.69375 0.44375
0 0.6875 0.415625 0.590625 0.415625 0.590625 0.540625 0.6875 0.540625
0 0.6046875 0.5265625 0.534375 0.5265625 0.534375 0.5890625 0.6046875 0.5890625
0 0.7828125000000001 0.5406250000000001 0.5828125 0.540625 0.5828125000000001 0.81875 0.7828125000000001 0.81875
0 0.55 0.5765625 0.4046875 0.5765625 0.4046875000000001 0.8453125 0.5500000000000002 0.8453125
0 0.534375 0.30937500000000007 0.19843750000000004 0.309375 0.19843750000000007 0.584375 0.534375 0.584375
0 0.675 0.1312500000000001 0.590625 0.1312500000000001 0.590625 0.3375000000000001 0.675 0.3375000000000001
0 0.9390625 0.4390625000000002 0.7296875 0.4390625000000002 0.7296875 0.5328125000000001 0.9390625 0.5328125000000001
0 0.896875 0.6171875000000002 0.7359375 0.6171875000000002 0.7359375 0.7171875000000002 0.896875 0.7171875000000002
0 0.6796875 0.36406250000000007 0.60625 0.36406250000000007 0.60625 0.434375 0.6796875 0.434375